0 0
0.010101 0.0784107
0.020202 0.156338
0.030303 0.233301
0.040404 0.308826
0.0505051 0.382447
0.0606061 0.453711
0.0707071 0.522176
0.0808081 0.587423
0.0909091 0.649048
0.10101 0.706671
0.111111 0.759937
0.121212 0.808518
0.131313 0.852114
0.141414 0.890457
0.151515 0.92331
0.161616 0.95047
0.171717 0.97177
0.181818 0.987079
0.191919 0.996303
0.20202 0.999383
0.212121 0.996303
0.222222 0.987079
0.232323 0.97177
0.242424 0.95047
0.252525 0.92331
0.262626 0.890457
0.272727 0.852114
0.282828 0.808518
0.292929 0.759937
0.30303 0.706671
0.313131 0.649048
0.323232 0.587423
0.333333 0.522176
0.343434 0.453711
0.353535 0.382447
0.363636 0.308826
0.373737 0.233301
0.383838 0.156338
0.393939 0.0784107
0.40404 1.22465e-016
0.414141 -0.0784107
0.424242 -0.156338
0.434343 -0.233301
0.444444 -0.308826
0.454545 -0.382447
0.464646 -0.453711
0.474747 -0.522176
0.484848 -0.587423
0.494949 -0.649048
0.505051 -0.706671
0.515152 -0.759937
0.525253 -0.808518
0.535354 -0.852114
0.545455 -0.890457
0.555556 -0.92331
0.565657 -0.95047
0.575758 -0.97177
0.585859 -0.987079
0.59596 -0.996303
0.606061 -0.999383
0.616162 -0.996303
0.626263 -0.987079
0.636364 -0.97177
0.646465 -0.95047
0.656566 -0.92331
0.666667 -0.890457
0.676768 -0.852114
0.686869 -0.808518
0.69697 -0.759937
0.707071 -0.706671
0.717172 -0.649048
0.727273 -0.587423
0.737374 -0.522176
0.747475 -0.453711
0.757576 -0.382447
0.767677 -0.308826
0.777778 -0.233301
0.787879 -0.156338
0.79798 -0.0784107
0.808081 -1.57499e-016
0.818182 0.0784107
0.828283 0.156338
0.838384 0.233301
0.848485 0.308826
0.858586 0.382447
0.868687 0.453711
0.878788 0.522176
0.888889 0.587423
0.89899 0.649048
0.909091 0.706671
0.919192 0.759937
0.929293 0.808518
0.939394 0.852114
0.949495 0.890457
0.959596 0.92331
0.969697 0.95047
0.979798 0.97177
0.989899 0.987079
1 1
