0 0
0.02 0.15245
0.04 0.301292
0.06 0.443002
0.08 0.574227
0.1 0.69186
0.12 0.793118
0.14 0.875603
0.16 0.937364
0.18 0.976938
0.2 0.993389
0.22 0.986328
0.24 0.955921
0.26 0.902888
0.28 0.828485
0.3 0.734472
0.32 0.623075
0.34 0.49693
0.36 0.359024
0.38 0.21262
0.4 0.061183
0.42 -0.0917019
0.44 -0.242416
0.46 -0.387393
0.48 -0.5232
0.5 -0.646624
0.52 -0.754743
0.54 -0.844997
0.56 -0.915252
0.58 -0.963843
0.6 -0.989621
0.62 -0.991976
0.64 -0.970851
0.66 -0.926748
0.68 -0.860709
0.7 -0.774298
0.72 -0.66956
0.74 -0.548974
0.76 -0.415394
0.78 -0.271983
0.8 -0.122134
0.82 0.030606
0.84 0.182621
0.86 0.330314
0.88 0.470189
0.9 0.598935
0.92 0.713505
0.94 0.811202
0.96 0.889936
0.98 0.949987
1 1
