0 0
0.02 0.0875839
0.04 0.173095
0.06 0.254509
0.08 0.329898
0.1 0.39748
0.12 0.455653
0.14 0.503042
0.16 0.538524
0.18 0.56126
0.2 0.570711
0.22 0.566654
0.24 0.549185
0.26 0.518717
0.28 0.475972
0.3 0.421961
0.32 0.357962
0.34 0.285491
0.36 0.206263
0.38 0.122152
0.4 0.0351512
0.42 -0.0526816
0.44 -0.139267
0.46 -0.222554
0.48 -0.30057
0.5 -0.371468
0.52 -0.433564
0.54 -0.485385
0.56 -0.525692
0.58 -0.553517
0.6 -0.568178
0.62 -0.569291
0.64 -0.556775
0.66 -0.530846
0.68 -0.492001
0.7 -0.440995
0.72 -0.378806
0.74 -0.306597
0.76 -0.225663
0.78 -0.137378
0.8 -0.0431406
0.82 0.0556869
0.84 0.157832
0.86 0.262163
0.88 0.367726
0.9 0.473774
0.92 0.579782
0.94 0.685441
0.96 0.790641
0.98 0.895437
1 1
