0 0
0.02 0.00473437
0.04 0.0095047
0.06 0.0143472
0.08 0.0192986
0.1 0.0243962
0.12 0.0296784
0.14 0.0351846
0.16 0.0409555
0.18 0.0470329
0.2 0.0534603
0.22 0.0602825
0.24 0.0675454
0.26 0.0752966
0.28 0.0835846
0.3 0.0924589
0.32 0.10197
0.34 0.112167
0.36 0.123102
0.38 0.134825
0.4 0.147384
0.42 0.160829
0.44 0.175205
0.46 0.190557
0.48 0.206926
0.5 0.22435
0.52 0.242864
0.54 0.262496
0.56 0.283273
0.58 0.305213
0.6 0.328332
0.62 0.352636
0.64 0.378126
0.66 0.404799
0.68 0.43264
0.7 0.461631
0.72 0.491745
0.74 0.522947
0.76 0.555195
0.78 0.588443
0.8 0.622633
0.82 0.657704
0.84 0.693587
0.86 0.730209
0.88 0.767489
0.9 0.805344
0.92 0.843683
0.94 0.882415
0.96 0.921444
0.98 0.960672
1 1
