0 0
0.02 0.00482871
0.04 0.009694
0.06 0.0146327
0.08 0.019682
0.1 0.0248799
0.12 0.030265
0.14 0.0358773
0.16 0.0417575
0.18 0.0479477
0.2 0.0544914
0.22 0.0614332
0.24 0.068819
0.26 0.0766958
0.28 0.0851116
0.3 0.0941152
0.32 0.103756
0.34 0.114084
0.36 0.125148
0.38 0.136997
0.4 0.149681
0.42 0.163244
0.44 0.177734
0.46 0.193191
0.48 0.209658
0.5 0.227169
0.52 0.245758
0.54 0.265454
0.56 0.286281
0.58 0.308256
0.6 0.331394
0.62 0.3557
0.64 0.381176
0.66 0.407816
0.68 0.435606
0.7 0.464527
0.72 0.494552
0.74 0.525646
0.76 0.557769
0.78 0.590873
0.8 0.624903
0.82 0.659798
0.84 0.69549
0.86 0.731906
0.88 0.768968
0.9 0.806593
0.92 0.844694
0.94 0.88318
0.96 0.921957
0.98 0.960929
1 1
