0 0
0.005 0.0205557
0.01 0.04108
0.015 0.0615416
0.02 0.0819092
0.025 0.102152
0.03 0.122238
0.035 0.142138
0.04 0.161821
0.045 0.181257
0.05 0.200417
0.055 0.21927
0.06 0.237789
0.065 0.255944
0.07 0.273709
0.075 0.291056
0.08 0.307959
0.085 0.324391
0.09 0.340329
0.095 0.355746
0.1 0.370621
0.105 0.38493
0.11 0.398651
0.115 0.411764
0.12 0.424248
0.125 0.436084
0.13 0.447254
0.135 0.457742
0.14 0.467531
0.145 0.476607
0.15 0.484954
0.155 0.492562
0.16 0.499417
0.165 0.50551
0.17 0.510831
0.175 0.515372
0.18 0.519127
0.185 0.522089
0.19 0.524254
0.195 0.525619
0.2 0.526181
0.205 0.52594
0.21 0.524896
0.215 0.523051
0.22 0.520407
0.225 0.516969
0.23 0.512742
0.235 0.507731
0.24 0.501946
0.245 0.495395
0.25 0.488087
0.255 0.480034
0.26 0.471248
0.265 0.461743
0.27 0.451532
0.275 0.440633
0.28 0.429061
0.285 0.416834
0.29 0.40397
0.295 0.39049
0.3 0.376414
0.305 0.361763
0.31 0.346559
0.315 0.330827
0.32 0.31459
0.325 0.297872
0.33 0.2807
0.335 0.263099
0.34 0.245096
0.345 0.22672
0.35 0.207997
0.355 0.188957
0.36 0.169628
0.365 0.15004
0.37 0.130223
0.375 0.110208
0.38 0.090024
0.385 0.0697029
0.39 0.0492754
0.395 0.0287726
0.4 0.00822606
0.405 -0.012333
0.41 -0.0328732
0.415 -0.0533632
0.42 -0.0737715
0.425 -0.0940672
0.43 -0.114219
0.435 -0.134197
0.44 -0.153969
0.445 -0.173506
0.45 -0.192778
0.455 -0.211756
0.46 -0.23041
0.465 -0.248712
0.47 -0.266634
0.475 -0.284148
0.48 -0.301229
0.485 -0.317849
0.49 -0.333983
0.495 -0.349606
0.5 -0.364695
0.505 -0.379227
0.51 -0.393178
0.515 -0.406528
0.52 -0.419256
0.525 -0.431343
0.53 -0.44277
0.535 -0.453519
0.54 -0.463573
0.545 -0.472917
0.55 -0.481537
0.555 -0.489419
0.56 -0.49655
0.565 -0.502919
0.57 -0.508517
0.575 -0.513333
0.58 -0.517361
0.585 -0.520593
0.59 -0.523024
0.595 -0.524649
0.6 -0.525465
0.605 -0.52547
0.61 -0.524663
0.615 -0.523044
0.62 -0.520614
0.625 -0.517376
0.63 -0.513334
0.635 -0.508491
0.64 -0.502853
0.645 -0.496428
0.65 -0.489223
0.655 -0.481247
0.66 -0.47251
0.665 -0.463022
0.67 -0.452795
0.675 -0.441842
0.68 -0.430176
0.685 -0.417811
0.69 -0.404763
0.695 -0.391047
0.7 -0.37668
0.705 -0.361678
0.71 -0.34606
0.715 -0.329844
0.72 -0.313049
0.725 -0.295695
0.73 -0.277799
0.735 -0.259385
0.74 -0.24047
0.745 -0.221077
0.75 -0.201225
0.755 -0.180937
0.76 -0.160233
0.765 -0.139135
0.77 -0.117664
0.775 -0.0958402
0.78 -0.0736856
0.785 -0.0512208
0.79 -0.0284665
0.795 -0.00544298
0.8 0.0178296
0.805 0.0413316
0.81 0.0650438
0.815 0.0889474
0.82 0.113024
0.825 0.137256
0.83 0.161626
0.835 0.186118
0.84 0.210716
0.845 0.235405
0.85 0.26017
0.855 0.284998
0.86 0.309875
0.865 0.334791
0.87 0.359733
0.875 0.384691
0.88 0.409656
0.885 0.434618
0.89 0.45957
0.895 0.484506
0.9 0.509418
0.905 0.534301
0.91 0.559152
0.915 0.583966
0.92 0.60874
0.925 0.633472
0.93 0.658161
0.935 0.682807
0.94 0.707409
0.945 0.731967
0.95 0.756484
0.955 0.780962
0.96 0.805401
0.965 0.829807
0.97 0.854181
0.975 0.878528
0.98 0.902851
0.985 0.927155
0.99 0.951445
0.995 0.975725
1 1
