0 0
0.005 0.0201788
0.01 0.0403268
0.015 0.0604133
0.02 0.0804075
0.025 0.100279
0.03 0.119997
0.035 0.139533
0.04 0.158855
0.045 0.177934
0.05 0.196742
0.055 0.21525
0.06 0.233429
0.065 0.251252
0.07 0.268691
0.075 0.28572
0.08 0.302313
0.085 0.318444
0.09 0.334089
0.095 0.349224
0.1 0.363826
0.105 0.377873
0.11 0.391342
0.115 0.404214
0.12 0.41647
0.125 0.428089
0.13 0.439055
0.135 0.44935
0.14 0.45896
0.145 0.467869
0.15 0.476063
0.155 0.483531
0.16 0.490261
0.165 0.496242
0.17 0.501466
0.175 0.505924
0.18 0.50961
0.185 0.512517
0.19 0.514643
0.195 0.515982
0.2 0.516534
0.205 0.516298
0.21 0.515273
0.215 0.513462
0.22 0.510866
0.225 0.507491
0.23 0.503341
0.235 0.498423
0.24 0.492744
0.245 0.486312
0.25 0.479138
0.255 0.471233
0.26 0.462608
0.265 0.453277
0.27 0.443254
0.275 0.432555
0.28 0.421195
0.285 0.409192
0.29 0.396564
0.295 0.383331
0.3 0.369513
0.305 0.35513
0.31 0.340206
0.315 0.324762
0.32 0.308822
0.325 0.292411
0.33 0.275554
0.335 0.258275
0.34 0.240603
0.345 0.222563
0.35 0.204184
0.355 0.185492
0.36 0.166518
0.365 0.14729
0.37 0.127836
0.375 0.108188
0.38 0.088374
0.385 0.0684255
0.39 0.0483725
0.395 0.0282458
0.4 0.008076
0.405 -0.012106
0.41 -0.0322695
0.415 -0.0523837
0.42 -0.0724177
0.425 -0.0923411
0.43 -0.112123
0.435 -0.131734
0.44 -0.151144
0.445 -0.170323
0.45 -0.189241
0.455 -0.20787
0.46 -0.226182
0.465 -0.244148
0.47 -0.26174
0.475 -0.278933
0.48 -0.295699
0.485 -0.312013
0.49 -0.327851
0.495 -0.343186
0.5 -0.357997
0.505 -0.372261
0.51 -0.385955
0.515 -0.399058
0.52 -0.411551
0.525 -0.423414
0.53 -0.434628
0.535 -0.445177
0.54 -0.455044
0.545 -0.464213
0.55 -0.472671
0.555 -0.480403
0.56 -0.487398
0.565 -0.493645
0.57 -0.499134
0.575 -0.503855
0.58 -0.507802
0.585 -0.510966
0.59 -0.513343
0.595 -0.514928
0.6 -0.515718
0.605 -0.51571
0.61 -0.514904
0.615 -0.5133
0.62 -0.510899
0.625 -0.507702
0.63 -0.503714
0.635 -0.498939
0.64 -0.493382
0.645 -0.487049
0.65 -0.479949
0.655 -0.47209
0.66 -0.46348
0.665 -0.454131
0.67 -0.444054
0.675 -0.433261
0.68 -0.421765
0.685 -0.40958
0.69 -0.39672
0.695 -0.383201
0.7 -0.369038
0.705 -0.354249
0.71 -0.33885
0.715 -0.322859
0.72 -0.306294
0.725 -0.289175
0.73 -0.27152
0.735 -0.253349
0.74 -0.234682
0.745 -0.215538
0.75 -0.195938
0.755 -0.175903
0.76 -0.155452
0.765 -0.134607
0.77 -0.113388
0.775 -0.0918157
0.78 -0.0699102
0.785 -0.0476919
0.79 -0.0251809
0.795 -0.00239687
0.8 0.0206407
0.805 0.0439126
0.81 0.0674002
0.815 0.0910853
0.82 0.11495
0.825 0.138977
0.83 0.16315
0.835 0.187452
0.84 0.211869
0.845 0.236385
0.85 0.260986
0.855 0.28566
0.86 0.310392
0.865 0.335172
0.87 0.359989
0.875 0.384831
0.88 0.409691
0.885 0.434558
0.89 0.459425
0.895 0.484285
0.9 0.509131
0.905 0.533959
0.91 0.558764
0.915 0.583541
0.92 0.608288
0.925 0.633001
0.93 0.65768
0.935 0.682324
0.94 0.706931
0.945 0.731503
0.95 0.75604
0.955 0.780543
0.96 0.805015
0.965 0.829457
0.97 0.853872
0.975 0.878264
0.98 0.902636
0.985 0.926992
0.99 0.951335
0.995 0.97567
1 1
