0 0
0.005 0.0200547
0.01 0.0400789
0.015 0.0600418
0.02 0.0799131
0.025 0.0996624
0.03 0.11926
0.035 0.138675
0.04 0.157878
0.045 0.17684
0.05 0.195533
0.055 0.213927
0.06 0.231994
0.065 0.249707
0.07 0.267039
0.075 0.283963
0.08 0.300454
0.085 0.316486
0.09 0.332035
0.095 0.347077
0.1 0.361589
0.105 0.375549
0.11 0.388936
0.115 0.401729
0.12 0.413909
0.125 0.425457
0.13 0.436355
0.135 0.446587
0.14 0.456138
0.145 0.464992
0.15 0.473136
0.155 0.480558
0.16 0.487246
0.165 0.493191
0.17 0.498382
0.175 0.502813
0.18 0.506476
0.185 0.509366
0.19 0.511478
0.195 0.51281
0.2 0.513358
0.205 0.513123
0.21 0.512105
0.215 0.510304
0.22 0.507725
0.225 0.504371
0.23 0.500246
0.235 0.495358
0.24 0.489714
0.245 0.483322
0.25 0.476192
0.255 0.468335
0.26 0.459764
0.265 0.45049
0.27 0.440529
0.275 0.429895
0.28 0.418605
0.285 0.406676
0.29 0.394126
0.295 0.380974
0.3 0.367241
0.305 0.352947
0.31 0.338114
0.315 0.322765
0.32 0.306923
0.325 0.290613
0.33 0.273859
0.335 0.256687
0.34 0.239124
0.345 0.221195
0.35 0.202928
0.355 0.184352
0.36 0.165494
0.365 0.146384
0.37 0.12705
0.375 0.107523
0.38 0.0878307
0.385 0.0680049
0.39 0.0480753
0.395 0.0280724
0.4 0.00802664
0.405 -0.0120313
0.41 -0.0320707
0.415 -0.0520611
0.42 -0.0719719
0.425 -0.0917727
0.43 -0.111433
0.435 -0.130923
0.44 -0.150214
0.445 -0.169274
0.45 -0.188076
0.455 -0.206591
0.46 -0.224789
0.465 -0.242645
0.47 -0.260129
0.475 -0.277215
0.48 -0.293878
0.485 -0.310092
0.49 -0.325831
0.495 -0.341072
0.5 -0.355792
0.505 -0.369967
0.51 -0.383576
0.515 -0.396598
0.52 -0.409013
0.525 -0.420802
0.53 -0.431947
0.535 -0.44243
0.54 -0.452234
0.545 -0.461346
0.55 -0.46975
0.555 -0.477433
0.56 -0.484384
0.565 -0.49059
0.57 -0.496043
0.575 -0.500733
0.58 -0.504652
0.585 -0.507794
0.59 -0.510153
0.595 -0.511724
0.6 -0.512505
0.605 -0.512494
0.61 -0.511688
0.615 -0.510088
0.62 -0.507696
0.625 -0.504512
0.63 -0.500542
0.635 -0.495789
0.64 -0.490258
0.645 -0.483955
0.65 -0.476889
0.655 -0.469068
0.66 -0.4605
0.665 -0.451197
0.67 -0.441168
0.675 -0.430428
0.68 -0.418987
0.685 -0.40686
0.69 -0.394062
0.695 -0.380607
0.7 -0.366511
0.705 -0.351791
0.71 -0.336463
0.715 -0.320545
0.72 -0.304056
0.725 -0.287014
0.73 -0.269437
0.735 -0.251346
0.74 -0.232759
0.745 -0.213697
0.75 -0.194179
0.755 -0.174226
0.76 -0.153858
0.765 -0.133096
0.77 -0.111959
0.775 -0.0904689
0.78 -0.0686448
0.785 -0.0465071
0.79 -0.0240755
0.795 -0.00136978
0.8 0.0215909
0.805 0.0447876
0.81 0.0682018
0.815 0.0918153
0.82 0.115611
0.825 0.139571
0.83 0.163679
0.835 0.187919
0.84 0.212276
0.845 0.236736
0.85 0.261283
0.855 0.285906
0.86 0.31059
0.865 0.335326
0.87 0.360101
0.875 0.384905
0.88 0.409729
0.885 0.434564
0.89 0.459403
0.895 0.484237
0.9 0.509062
0.905 0.533871
0.91 0.558659
0.915 0.583424
0.92 0.60816
0.925 0.632867
0.93 0.657542
0.935 0.682183
0.94 0.706792
0.945 0.731366
0.95 0.755908
0.955 0.780419
0.96 0.804899
0.965 0.829352
0.97 0.85378
0.975 0.878185
0.98 0.902572
0.985 0.926943
0.99 0.951302
0.995 0.975653
1 1
