0 0
0.02 0.082353
0.04 0.162757
0.06 0.239308
0.08 0.310195
0.1 0.373741
0.12 0.42844
0.14 0.472998
0.16 0.506361
0.18 0.527739
0.2 0.536626
0.22 0.532811
0.24 0.516385
0.26 0.487737
0.28 0.447545
0.3 0.39676
0.32 0.336583
0.34 0.268441
0.36 0.193944
0.38 0.114858
0.4 0.0330537
0.42 -0.0495318
0.44 -0.130943
0.46 -0.209251
0.48 -0.282601
0.5 -0.349252
0.52 -0.40762
0.54 -0.456313
0.56 -0.494164
0.58 -0.520254
0.6 -0.533927
0.62 -0.53481
0.64 -0.522805
0.66 -0.498089
0.68 -0.461098
0.7 -0.412502
0.72 -0.353176
0.74 -0.284161
0.76 -0.206619
0.78 -0.121785
0.8 -0.030916
0.82 0.0647583
0.84 0.164083
0.86 0.266021
0.88 0.369683
0.9 0.474354
0.92 0.579499
0.94 0.684764
0.96 0.789957
0.98 0.895023
1 1
