0 0
0.005 0.0199314
0.01 0.0398324
0.015 0.0596726
0.02 0.0794217
0.025 0.0990496
0.03 0.118526
0.035 0.137822
0.04 0.156907
0.045 0.175753
0.05 0.19433
0.055 0.212611
0.06 0.230567
0.065 0.248172
0.07 0.265397
0.075 0.282217
0.08 0.298606
0.085 0.31454
0.09 0.329993
0.095 0.344943
0.1 0.359366
0.105 0.37324
0.11 0.386544
0.115 0.399259
0.12 0.411364
0.125 0.422841
0.13 0.433672
0.135 0.443841
0.14 0.453333
0.145 0.462133
0.15 0.470227
0.155 0.477603
0.16 0.48425
0.165 0.490158
0.17 0.495318
0.175 0.499721
0.18 0.503362
0.185 0.506234
0.19 0.508333
0.195 0.509656
0.2 0.510202
0.205 0.509968
0.21 0.508956
0.215 0.507167
0.22 0.504603
0.225 0.501269
0.23 0.49717
0.235 0.492312
0.24 0.486703
0.245 0.48035
0.25 0.473264
0.255 0.465456
0.26 0.456937
0.265 0.44772
0.27 0.43782
0.275 0.427252
0.28 0.416031
0.285 0.404175
0.29 0.391702
0.295 0.378631
0.3 0.364982
0.305 0.350776
0.31 0.336035
0.315 0.32078
0.32 0.305036
0.325 0.288826
0.33 0.272175
0.335 0.255109
0.34 0.237653
0.345 0.219835
0.35 0.20168
0.355 0.183218
0.36 0.164477
0.365 0.145484
0.37 0.126269
0.375 0.106862
0.38 0.0872908
0.385 0.067587
0.39 0.0477799
0.395 0.0279
0.4 0.0079776
0.405 -0.0119569
0.41 -0.0318731
0.415 -0.0517405
0.42 -0.0715288
0.425 -0.0912077
0.43 -0.110747
0.435 -0.130118
0.44 -0.149289
0.445 -0.168232
0.45 -0.186918
0.455 -0.205319
0.46 -0.223405
0.465 -0.241151
0.47 -0.258527
0.475 -0.275508
0.48 -0.292069
0.485 -0.308182
0.49 -0.323824
0.495 -0.338971
0.5 -0.3536
0.505 -0.367687
0.51 -0.381212
0.515 -0.394153
0.52 -0.406491
0.525 -0.418207
0.53 -0.429281
0.535 -0.439699
0.54 -0.449442
0.545 -0.458496
0.55 -0.466847
0.555 -0.474481
0.56 -0.481387
0.565 -0.487553
0.57 -0.49297
0.575 -0.497628
0.58 -0.50152
0.585 -0.50464
0.59 -0.506981
0.595 -0.508539
0.6 -0.509311
0.605 -0.509295
0.61 -0.508489
0.615 -0.506894
0.62 -0.50451
0.625 -0.50134
0.63 -0.497387
0.635 -0.492655
0.64 -0.48715
0.645 -0.480877
0.65 -0.473845
0.655 -0.466061
0.66 -0.457534
0.665 -0.448276
0.67 -0.438296
0.675 -0.427607
0.68 -0.416221
0.685 -0.404152
0.69 -0.391415
0.695 -0.378023
0.7 -0.363993
0.705 -0.349341
0.71 -0.334084
0.715 -0.318239
0.72 -0.301825
0.725 -0.284858
0.73 -0.267359
0.735 -0.249347
0.74 -0.23084
0.745 -0.211858
0.75 -0.192422
0.755 -0.17255
0.76 -0.152264
0.765 -0.131584
0.77 -0.110529
0.775 -0.0891195
0.78 -0.067376
0.785 -0.045318
0.79 -0.0229652
0.795 -0.000336989
0.8 0.0225476
0.805 0.0456698
0.81 0.0690112
0.815 0.0925539
0.82 0.11628
0.825 0.140174
0.83 0.164218
0.835 0.188396
0.84 0.212695
0.845 0.237098
0.85 0.261592
0.855 0.286164
0.86 0.310801
0.865 0.335492
0.87 0.360225
0.875 0.384991
0.88 0.40978
0.885 0.434584
0.89 0.459394
0.895 0.484203
0.9 0.509005
0.905 0.533795
0.91 0.558567
0.915 0.583318
0.92 0.608044
0.925 0.632744
0.93 0.657413
0.935 0.682053
0.94 0.706661
0.945 0.731238
0.95 0.755785
0.955 0.780302
0.96 0.804791
0.965 0.829253
0.97 0.853693
0.975 0.878111
0.98 0.902511
0.985 0.926896
0.99 0.95127
0.995 0.975637
1 1
