0 0
0.005 0.0198089
0.01 0.0395875
0.015 0.0593057
0.02 0.0789333
0.025 0.0984405
0.03 0.117797
0.035 0.136974
0.04 0.155942
0.045 0.174672
0.05 0.193135
0.055 0.211304
0.06 0.22915
0.065 0.246646
0.07 0.263765
0.075 0.280482
0.08 0.29677
0.085 0.312606
0.09 0.327964
0.095 0.342822
0.1 0.357156
0.105 0.370945
0.11 0.384168
0.115 0.396804
0.12 0.408834
0.125 0.420241
0.13 0.431005
0.135 0.441112
0.14 0.450545
0.145 0.459291
0.15 0.467335
0.155 0.474666
0.16 0.481273
0.165 0.487144
0.17 0.492272
0.175 0.496648
0.18 0.500267
0.185 0.503121
0.19 0.505207
0.195 0.506523
0.2 0.507064
0.205 0.506832
0.21 0.505826
0.215 0.504048
0.22 0.5015
0.225 0.498187
0.23 0.494113
0.235 0.489285
0.24 0.48371
0.245 0.477396
0.25 0.470354
0.255 0.462594
0.26 0.454127
0.265 0.444967
0.27 0.435128
0.275 0.424624
0.28 0.413473
0.285 0.40169
0.29 0.389294
0.295 0.376303
0.3 0.362738
0.305 0.34862
0.31 0.333969
0.315 0.318808
0.32 0.30316
0.325 0.28705
0.33 0.270502
0.335 0.25354
0.34 0.236192
0.345 0.218483
0.35 0.20044
0.355 0.182092
0.36 0.163466
0.365 0.14459
0.37 0.125493
0.375 0.106205
0.38 0.0867543
0.385 0.0671716
0.39 0.0474864
0.395 0.0277288
0.4 0.00792889
0.405 -0.011883
0.41 -0.0316766
0.415 -0.0514218
0.42 -0.0710884
0.425 -0.0906462
0.43 -0.110065
0.435 -0.129317
0.44 -0.14837
0.445 -0.167197
0.45 -0.185768
0.455 -0.204055
0.46 -0.22203
0.465 -0.239666
0.47 -0.256935
0.475 -0.273812
0.48 -0.29027
0.485 -0.306284
0.49 -0.321829
0.495 -0.336883
0.5 -0.35142
0.505 -0.365421
0.51 -0.378862
0.515 -0.391723
0.52 -0.403984
0.525 -0.415626
0.53 -0.426632
0.535 -0.436984
0.54 -0.446666
0.545 -0.455663
0.55 -0.463961
0.555 -0.471546
0.56 -0.478408
0.565 -0.484534
0.57 -0.489915
0.575 -0.494542
0.58 -0.498407
0.585 -0.501504
0.59 -0.503827
0.595 -0.505372
0.6 -0.506135
0.605 -0.506114
0.61 -0.505308
0.615 -0.503717
0.62 -0.501342
0.625 -0.498185
0.63 -0.494249
0.635 -0.489538
0.64 -0.484058
0.645 -0.477815
0.65 -0.470816
0.655 -0.463069
0.66 -0.454583
0.665 -0.445369
0.67 -0.435437
0.675 -0.424799
0.68 -0.413467
0.685 -0.401456
0.69 -0.388778
0.695 -0.375449
0.7 -0.361485
0.705 -0.346901
0.71 -0.331713
0.715 -0.315941
0.72 -0.2996
0.725 -0.282709
0.73 -0.265286
0.735 -0.247352
0.74 -0.228924
0.745 -0.210022
0.75 -0.190666
0.755 -0.170875
0.76 -0.15067
0.765 -0.130071
0.77 -0.109097
0.775 -0.0877677
0.78 -0.0661039
0.785 -0.0441249
0.79 -0.0218501
0.795 0.000701409
0.8 0.0235106
0.805 0.0465589
0.81 0.0698282
0.815 0.0933007
0.82 0.116959
0.825 0.140787
0.83 0.164767
0.835 0.188884
0.84 0.213124
0.845 0.237471
0.85 0.261912
0.855 0.286434
0.86 0.311024
0.865 0.33567
0.87 0.360363
0.875 0.385091
0.88 0.409845
0.885 0.434616
0.89 0.459397
0.895 0.484181
0.9 0.508961
0.905 0.533731
0.91 0.558487
0.915 0.583224
0.92 0.60794
0.925 0.632631
0.93 0.657295
0.935 0.681932
0.94 0.70654
0.945 0.731119
0.95 0.755669
0.955 0.780192
0.96 0.804688
0.965 0.82916
0.97 0.85361
0.975 0.87804
0.98 0.902453
0.985 0.926852
0.99 0.951241
0.995 0.975622
1 1
