0 0
0.005 0.0196871
0.01 0.0393441
0.015 0.058941
0.02 0.078448
0.025 0.0978352
0.03 0.117073
0.035 0.136132
0.04 0.154983
0.045 0.173598
0.05 0.191948
0.055 0.210004
0.06 0.227741
0.065 0.245129
0.07 0.262143
0.075 0.278757
0.08 0.294945
0.085 0.310684
0.09 0.325947
0.095 0.340714
0.1 0.35496
0.105 0.368664
0.11 0.381805
0.115 0.394364
0.12 0.40632
0.125 0.417656
0.13 0.428355
0.135 0.4384
0.14 0.447775
0.145 0.456467
0.15 0.464462
0.155 0.471748
0.16 0.478313
0.165 0.484149
0.17 0.489245
0.175 0.493595
0.18 0.497191
0.185 0.500027
0.19 0.502101
0.195 0.503408
0.2 0.503947
0.205 0.503716
0.21 0.502716
0.215 0.500949
0.22 0.498417
0.225 0.495124
0.23 0.491075
0.235 0.486276
0.24 0.480736
0.245 0.474461
0.25 0.467462
0.255 0.459749
0.26 0.451335
0.265 0.442231
0.27 0.432452
0.275 0.422013
0.28 0.41093
0.285 0.39922
0.29 0.3869
0.295 0.373989
0.3 0.360508
0.305 0.346476
0.31 0.331915
0.315 0.316848
0.32 0.301296
0.325 0.285285
0.33 0.268839
0.335 0.251981
0.34 0.23474
0.345 0.21714
0.35 0.199208
0.355 0.180972
0.36 0.16246
0.365 0.143701
0.37 0.124721
0.375 0.105552
0.38 0.0862211
0.385 0.0667588
0.39 0.0471947
0.395 0.0275586
0.4 0.00788051
0.405 -0.0118095
0.41 -0.0314814
0.415 -0.0511051
0.42 -0.0706506
0.425 -0.0900881
0.43 -0.109388
0.435 -0.12852
0.44 -0.147457
0.445 -0.166167
0.45 -0.184624
0.455 -0.202798
0.46 -0.220663
0.465 -0.23819
0.47 -0.255353
0.475 -0.272125
0.48 -0.288482
0.485 -0.304397
0.49 -0.319846
0.495 -0.334807
0.5 -0.349254
0.505 -0.363168
0.51 -0.376525
0.515 -0.389307
0.52 -0.401491
0.525 -0.413061
0.53 -0.423998
0.535 -0.434285
0.54 -0.443906
0.545 -0.452847
0.55 -0.461092
0.555 -0.468629
0.56 -0.475446
0.565 -0.481532
0.57 -0.486878
0.575 -0.491473
0.58 -0.495312
0.585 -0.498386
0.59 -0.500692
0.595 -0.502223
0.6 -0.502977
0.605 -0.502951
0.61 -0.502145
0.615 -0.500558
0.62 -0.498191
0.625 -0.495047
0.63 -0.491128
0.635 -0.486438
0.64 -0.480983
0.645 -0.474769
0.65 -0.467802
0.655 -0.460092
0.66 -0.451646
0.665 -0.442476
0.67 -0.432591
0.675 -0.422004
0.68 -0.410726
0.685 -0.398771
0.69 -0.386153
0.695 -0.372886
0.7 -0.358986
0.705 -0.344469
0.71 -0.329351
0.715 -0.313649
0.72 -0.297381
0.725 -0.280565
0.73 -0.263218
0.735 -0.245361
0.74 -0.227011
0.745 -0.208188
0.75 -0.188911
0.755 -0.169201
0.76 -0.149076
0.765 -0.128557
0.77 -0.107663
0.775 -0.0864134
0.78 -0.0648286
0.785 -0.0429278
0.79 -0.0207301
0.795 0.00174532
0.8 0.0244798
0.805 0.047455
0.81 0.0706529
0.815 0.0940558
0.82 0.117647
0.825 0.141409
0.83 0.165326
0.835 0.189383
0.84 0.213564
0.845 0.237856
0.85 0.262244
0.855 0.286715
0.86 0.311258
0.865 0.335861
0.87 0.360512
0.875 0.385202
0.88 0.409921
0.885 0.434661
0.89 0.459413
0.895 0.484171
0.9 0.508928
0.905 0.533679
0.91 0.558418
0.915 0.583141
0.92 0.607846
0.925 0.632529
0.93 0.657187
0.935 0.681821
0.94 0.706427
0.945 0.731008
0.95 0.755561
0.955 0.780089
0.96 0.804593
0.965 0.829073
0.97 0.853533
0.975 0.877974
0.98 0.902399
0.985 0.926811
0.99 0.951213
0.995 0.975608
1 1
