0 0
0.005 0.019566
0.01 0.0391022
0.015 0.0585786
0.02 0.0779656
0.025 0.0972336
0.03 0.116353
0.035 0.135295
0.04 0.15403
0.045 0.172531
0.05 0.190768
0.055 0.208713
0.06 0.22634
0.065 0.243622
0.07 0.260531
0.075 0.277043
0.08 0.293132
0.085 0.308773
0.09 0.323943
0.095 0.338619
0.1 0.352777
0.105 0.366397
0.11 0.379458
0.115 0.391939
0.12 0.403822
0.125 0.415088
0.13 0.425721
0.135 0.435704
0.14 0.445022
0.145 0.45366
0.15 0.461606
0.155 0.468847
0.16 0.475372
0.165 0.481172
0.17 0.486237
0.175 0.490559
0.18 0.494133
0.185 0.496953
0.19 0.499014
0.195 0.500313
0.2 0.500848
0.205 0.500618
0.21 0.499625
0.215 0.497868
0.22 0.495352
0.225 0.492079
0.23 0.488055
0.235 0.483286
0.24 0.47778
0.245 0.471543
0.25 0.464587
0.255 0.456922
0.26 0.448559
0.265 0.439512
0.27 0.429793
0.275 0.419418
0.28 0.408404
0.285 0.396765
0.29 0.384521
0.295 0.37169
0.3 0.358291
0.305 0.344345
0.31 0.329874
0.315 0.314899
0.32 0.299444
0.325 0.283531
0.33 0.267186
0.335 0.250432
0.34 0.233296
0.345 0.215805
0.35 0.197983
0.355 0.17986
0.36 0.161462
0.365 0.142817
0.37 0.123955
0.375 0.104903
0.38 0.0856911
0.385 0.0663486
0.39 0.0469048
0.395 0.0273895
0.4 0.00783246
0.405 -0.0117364
0.41 -0.0312873
0.415 -0.0507902
0.42 -0.0702155
0.425 -0.0895333
0.43 -0.108714
0.435 -0.127729
0.44 -0.146549
0.445 -0.165144
0.45 -0.183487
0.455 -0.20155
0.46 -0.219304
0.465 -0.236723
0.47 -0.25378
0.475 -0.270449
0.48 -0.286705
0.485 -0.302521
0.49 -0.317875
0.495 -0.332743
0.5 -0.347102
0.505 -0.360929
0.51 -0.374203
0.515 -0.386905
0.52 -0.399014
0.525 -0.410512
0.53 -0.42138
0.535 -0.431603
0.54 -0.441163
0.545 -0.450047
0.55 -0.45824
0.555 -0.465728
0.56 -0.472501
0.565 -0.478548
0.57 -0.483858
0.575 -0.488423
0.58 -0.492234
0.585 -0.495287
0.59 -0.497574
0.595 -0.499091
0.6 -0.499836
0.605 -0.499806
0.61 -0.498999
0.615 -0.497416
0.62 -0.495058
0.625 -0.491925
0.63 -0.488023
0.635 -0.483354
0.64 -0.477923
0.645 -0.471738
0.65 -0.464804
0.655 -0.45713
0.66 -0.448724
0.665 -0.439597
0.67 -0.429759
0.675 -0.419221
0.68 -0.407996
0.685 -0.396097
0.69 -0.383538
0.695 -0.370333
0.7 -0.356497
0.705 -0.342046
0.71 -0.326996
0.715 -0.311365
0.72 -0.295169
0.725 -0.278426
0.73 -0.261155
0.735 -0.243374
0.74 -0.225101
0.745 -0.206357
0.75 -0.187159
0.755 -0.167528
0.76 -0.147482
0.765 -0.127042
0.77 -0.106227
0.775 -0.0850567
0.78 -0.0635501
0.785 -0.0417267
0.79 -0.0196055
0.795 0.00279465
0.8 0.0254552
0.805 0.0483579
0.81 0.071485
0.815 0.0948189
0.82 0.118343
0.825 0.14204
0.83 0.165894
0.835 0.189891
0.84 0.214015
0.845 0.238251
0.85 0.262587
0.855 0.287009
0.86 0.311505
0.865 0.336064
0.87 0.360674
0.875 0.385326
0.88 0.41001
0.885 0.434718
0.89 0.459442
0.895 0.484174
0.9 0.508908
0.905 0.533639
0.91 0.558361
0.915 0.58307
0.92 0.607763
0.925 0.632437
0.93 0.657089
0.935 0.681719
0.94 0.706324
0.945 0.730905
0.95 0.755461
0.955 0.779993
0.96 0.804503
0.965 0.828991
0.97 0.85346
0.975 0.877911
0.98 0.902348
0.985 0.926772
0.99 0.951186
0.995 0.975595
1 1
