0 0
0.005 0.0194457
0.01 0.0388617
0.015 0.0582184
0.02 0.0774862
0.025 0.0966357
0.03 0.115638
0.035 0.134463
0.04 0.153083
0.045 0.17147
0.05 0.189595
0.055 0.20743
0.06 0.224948
0.065 0.242124
0.07 0.258929
0.075 0.275339
0.08 0.291329
0.085 0.306875
0.09 0.321951
0.095 0.336536
0.1 0.350608
0.105 0.364144
0.11 0.377124
0.115 0.389529
0.12 0.401339
0.125 0.412536
0.13 0.423103
0.135 0.433025
0.14 0.442285
0.145 0.450871
0.15 0.458767
0.155 0.465964
0.16 0.472449
0.165 0.478213
0.17 0.483247
0.175 0.487543
0.18 0.491095
0.185 0.493897
0.19 0.495945
0.195 0.497236
0.2 0.497768
0.205 0.49754
0.21 0.496553
0.215 0.494807
0.22 0.492306
0.225 0.489053
0.23 0.485054
0.235 0.480315
0.24 0.474842
0.245 0.468644
0.25 0.461731
0.255 0.454113
0.26 0.445801
0.265 0.436809
0.27 0.42715
0.275 0.41684
0.28 0.405892
0.285 0.394325
0.29 0.382156
0.295 0.369404
0.3 0.356088
0.305 0.342228
0.31 0.327846
0.315 0.312963
0.32 0.297603
0.325 0.281788
0.33 0.265543
0.335 0.248892
0.34 0.231862
0.345 0.214478
0.35 0.196766
0.355 0.178754
0.36 0.160469
0.365 0.141939
0.37 0.123193
0.375 0.104258
0.38 0.0851645
0.385 0.0659409
0.39 0.0466167
0.395 0.0272214
0.4 0.00778473
0.405 -0.0116638
0.41 -0.0310943
0.415 -0.0504772
0.42 -0.069783
0.425 -0.0889819
0.43 -0.108045
0.435 -0.126943
0.44 -0.145646
0.445 -0.164127
0.45 -0.182357
0.455 -0.200308
0.46 -0.217953
0.465 -0.235265
0.47 -0.252217
0.475 -0.268783
0.48 -0.284938
0.485 -0.300657
0.49 -0.315916
0.495 -0.330692
0.5 -0.344962
0.505 -0.358703
0.51 -0.371895
0.515 -0.384518
0.52 -0.396552
0.525 -0.407977
0.53 -0.418778
0.535 -0.428936
0.54 -0.438436
0.545 -0.447264
0.55 -0.455404
0.555 -0.462845
0.56 -0.469574
0.565 -0.475581
0.57 -0.480856
0.575 -0.485389
0.58 -0.489174
0.585 -0.492204
0.59 -0.494474
0.595 -0.495978
0.6 -0.496713
0.605 -0.496678
0.61 -0.495871
0.615 -0.494291
0.62 -0.491941
0.625 -0.488821
0.63 -0.484935
0.635 -0.480286
0.64 -0.47488
0.645 -0.468722
0.65 -0.46182
0.655 -0.454182
0.66 -0.445816
0.665 -0.436731
0.67 -0.426939
0.675 -0.416451
0.68 -0.405278
0.685 -0.393435
0.69 -0.380934
0.695 -0.367789
0.7 -0.354017
0.705 -0.339631
0.71 -0.32465
0.715 -0.309088
0.72 -0.292963
0.725 -0.276294
0.73 -0.259097
0.735 -0.241391
0.74 -0.223195
0.745 -0.204528
0.75 -0.185408
0.755 -0.165855
0.76 -0.145888
0.765 -0.125527
0.77 -0.10479
0.775 -0.0836977
0.78 -0.0622685
0.785 -0.0405218
0.79 -0.0184763
0.795 0.0038493
0.8 0.0264366
0.805 0.0492675
0.81 0.0723244
0.815 0.0955899
0.82 0.119047
0.825 0.14268
0.83 0.166473
0.835 0.190409
0.84 0.214476
0.845 0.238657
0.85 0.262941
0.855 0.287314
0.86 0.311764
0.865 0.336279
0.87 0.360848
0.875 0.385462
0.88 0.410112
0.885 0.434788
0.89 0.459482
0.895 0.484188
0.9 0.508899
0.905 0.53361
0.91 0.558315
0.915 0.583009
0.92 0.607691
0.925 0.632355
0.93 0.657001
0.935 0.681626
0.94 0.706229
0.945 0.73081
0.95 0.755368
0.955 0.779905
0.96 0.80442
0.965 0.828915
0.97 0.853392
0.975 0.877853
0.98 0.9023
0.985 0.926735
0.99 0.951162
0.995 0.975582
1 1
