0 0
0.005 0.0193261
0.01 0.0386228
0.015 0.0578604
0.02 0.0770098
0.025 0.0960415
0.03 0.114927
0.035 0.133636
0.04 0.152142
0.045 0.170415
0.05 0.188429
0.055 0.206154
0.06 0.223565
0.065 0.240635
0.07 0.257337
0.075 0.273646
0.08 0.289538
0.085 0.304988
0.09 0.319972
0.095 0.334467
0.1 0.348452
0.105 0.361905
0.11 0.374805
0.115 0.387134
0.12 0.398871
0.125 0.409999
0.13 0.420502
0.135 0.430362
0.14 0.439566
0.145 0.448098
0.15 0.455946
0.155 0.463099
0.16 0.469544
0.165 0.475273
0.17 0.480275
0.175 0.484545
0.18 0.488075
0.185 0.49086
0.19 0.492896
0.195 0.494179
0.2 0.494707
0.205 0.494481
0.21 0.493499
0.215 0.491764
0.22 0.489279
0.225 0.486046
0.23 0.482072
0.235 0.477361
0.24 0.471922
0.245 0.465762
0.25 0.458892
0.255 0.45132
0.26 0.44306
0.265 0.434123
0.27 0.424524
0.275 0.414276
0.28 0.403396
0.285 0.391901
0.29 0.379807
0.295 0.367133
0.3 0.353898
0.305 0.340124
0.31 0.32583
0.315 0.311039
0.32 0.295773
0.325 0.280055
0.33 0.26391
0.335 0.247362
0.34 0.230436
0.345 0.213159
0.35 0.195556
0.355 0.177655
0.36 0.159482
0.365 0.141067
0.37 0.122435
0.375 0.103617
0.38 0.0846411
0.385 0.0655357
0.39 0.0463304
0.395 0.0270545
0.4 0.00773733
0.405 -0.0115915
0.41 -0.0309025
0.415 -0.0501662
0.42 -0.0693531
0.425 -0.0884339
0.43 -0.107379
0.435 -0.126161
0.44 -0.144749
0.445 -0.163116
0.45 -0.181234
0.455 -0.199075
0.46 -0.216611
0.465 -0.233816
0.47 -0.250663
0.475 -0.267127
0.48 -0.283182
0.485 -0.298804
0.49 -0.313969
0.495 -0.328653
0.5 -0.342834
0.505 -0.356491
0.51 -0.369601
0.515 -0.382145
0.52 -0.394104
0.525 -0.405458
0.53 -0.416191
0.535 -0.426285
0.54 -0.435726
0.545 -0.444497
0.55 -0.452586
0.555 -0.459979
0.56 -0.466664
0.565 -0.472631
0.57 -0.477871
0.575 -0.482374
0.58 -0.486132
0.585 -0.48914
0.59 -0.491391
0.595 -0.492882
0.6 -0.493608
0.605 -0.493568
0.61 -0.49276
0.615 -0.491184
0.62 -0.488841
0.625 -0.485733
0.63 -0.481863
0.635 -0.477234
0.64 -0.471852
0.645 -0.465722
0.65 -0.458852
0.655 -0.451249
0.66 -0.442921
0.665 -0.433879
0.67 -0.424133
0.675 -0.413693
0.68 -0.402573
0.685 -0.390784
0.69 -0.37834
0.695 -0.365256
0.7 -0.351546
0.705 -0.337226
0.71 -0.322311
0.715 -0.306818
0.72 -0.290764
0.725 -0.274167
0.73 -0.257043
0.735 -0.239412
0.74 -0.221292
0.745 -0.202701
0.75 -0.183659
0.755 -0.164183
0.76 -0.144294
0.765 -0.124011
0.77 -0.103352
0.775 -0.0823363
0.78 -0.0609839
0.785 -0.039313
0.79 -0.0173425
0.795 0.00490919
0.8 0.0274239
0.805 0.0501836
0.81 0.073171
0.815 0.0963688
0.82 0.11976
0.825 0.143329
0.83 0.16706
0.835 0.190938
0.84 0.214947
0.845 0.239074
0.85 0.263306
0.855 0.28763
0.86 0.312033
0.865 0.336505
0.87 0.361034
0.875 0.38561
0.88 0.410225
0.885 0.434869
0.89 0.459534
0.895 0.484214
0.9 0.508902
0.905 0.533593
0.91 0.55828
0.915 0.58296
0.92 0.607629
0.925 0.632284
0.93 0.656922
0.935 0.681542
0.94 0.706143
0.945 0.730723
0.95 0.755283
0.955 0.779822
0.96 0.804342
0.965 0.828844
0.97 0.853329
0.975 0.877798
0.98 0.902255
0.985 0.926701
0.99 0.951138
0.995 0.975571
1 1
