0 0
0.005 0.0192073
0.01 0.0383853
0.015 0.0575046
0.02 0.0765362
0.025 0.095451
0.03 0.11422
0.035 0.132815
0.04 0.151207
0.045 0.169368
0.05 0.18727
0.055 0.204887
0.06 0.222191
0.065 0.239155
0.07 0.255755
0.075 0.271964
0.08 0.287758
0.085 0.303112
0.09 0.318004
0.095 0.332411
0.1 0.346309
0.105 0.35968
0.11 0.372501
0.115 0.384753
0.12 0.396418
0.125 0.407478
0.13 0.417916
0.135 0.427716
0.14 0.436863
0.145 0.445343
0.15 0.453143
0.155 0.460251
0.16 0.466657
0.165 0.47235
0.17 0.477322
0.175 0.481566
0.18 0.485074
0.185 0.487842
0.19 0.489865
0.195 0.49114
0.2 0.491665
0.205 0.49144
0.21 0.490465
0.215 0.488741
0.22 0.48627
0.225 0.483058
0.23 0.479108
0.235 0.474426
0.24 0.46902
0.245 0.462898
0.25 0.45607
0.255 0.448545
0.26 0.440336
0.265 0.431454
0.27 0.421914
0.275 0.411729
0.28 0.400916
0.285 0.389491
0.29 0.377471
0.295 0.364875
0.3 0.351722
0.305 0.338032
0.31 0.323827
0.315 0.309126
0.32 0.293954
0.325 0.278333
0.33 0.262287
0.335 0.245841
0.34 0.229019
0.345 0.211848
0.35 0.194354
0.355 0.176563
0.36 0.158502
0.365 0.140199
0.37 0.121683
0.375 0.10298
0.38 0.0841209
0.385 0.0651331
0.39 0.0460459
0.395 0.0268886
0.4 0.00769026
0.405 -0.0115196
0.41 -0.0307118
0.415 -0.0498569
0.42 -0.0689258
0.425 -0.0878891
0.43 -0.106718
0.435 -0.125384
0.44 -0.143858
0.445 -0.162112
0.45 -0.180118
0.455 -0.197849
0.46 -0.215277
0.465 -0.232375
0.47 -0.249119
0.475 -0.265481
0.48 -0.281437
0.485 -0.296963
0.49 -0.312033
0.495 -0.326627
0.5 -0.34072
0.505 -0.354292
0.51 -0.36732
0.515 -0.379786
0.52 -0.39167
0.525 -0.402954
0.53 -0.413619
0.535 -0.42365
0.54 -0.433031
0.545 -0.441747
0.55 -0.449783
0.555 -0.457129
0.56 -0.463771
0.565 -0.469699
0.57 -0.474903
0.575 -0.479375
0.58 -0.483107
0.585 -0.486093
0.59 -0.488326
0.595 -0.489803
0.6 -0.49052
0.605 -0.490474
0.61 -0.489666
0.615 -0.488093
0.62 -0.485758
0.625 -0.482661
0.63 -0.478807
0.635 -0.474198
0.64 -0.468839
0.645 -0.462737
0.65 -0.455898
0.655 -0.44833
0.66 -0.440041
0.665 -0.43104
0.67 -0.421339
0.675 -0.410948
0.68 -0.399878
0.685 -0.388144
0.69 -0.375757
0.695 -0.362732
0.7 -0.349084
0.705 -0.334828
0.71 -0.319979
0.715 -0.304555
0.72 -0.288571
0.725 -0.272045
0.73 -0.254995
0.735 -0.237438
0.74 -0.219392
0.745 -0.200877
0.75 -0.181911
0.755 -0.162512
0.76 -0.1427
0.765 -0.122494
0.77 -0.101912
0.775 -0.0809728
0.78 -0.0596962
0.785 -0.0381005
0.79 -0.0162043
0.795 0.00597421
0.8 0.028417
0.805 0.0511063
0.81 0.0740247
0.815 0.0971553
0.82 0.120482
0.825 0.143987
0.83 0.167657
0.835 0.191476
0.84 0.215429
0.845 0.239502
0.85 0.263682
0.855 0.287957
0.86 0.312315
0.865 0.336743
0.87 0.361231
0.875 0.38577
0.88 0.41035
0.885 0.434962
0.89 0.459598
0.895 0.484252
0.9 0.508917
0.905 0.533586
0.91 0.558256
0.915 0.582921
0.92 0.607577
0.925 0.632222
0.93 0.656853
0.935 0.681468
0.94 0.706065
0.945 0.730644
0.95 0.755205
0.955 0.779747
0.96 0.804271
0.965 0.828778
0.97 0.85327
0.975 0.877748
0.98 0.902213
0.985 0.926669
0.99 0.951117
0.995 0.97556
1 1
