0 0
0.005 0.0190892
0.01 0.0381492
0.015 0.0571511
0.02 0.0760656
0.025 0.0948641
0.03 0.113518
0.035 0.131998
0.04 0.150277
0.045 0.168326
0.05 0.186119
0.055 0.203627
0.06 0.220824
0.065 0.237685
0.07 0.254182
0.075 0.270291
0.08 0.285988
0.085 0.301248
0.09 0.316049
0.095 0.330367
0.1 0.34418
0.105 0.357468
0.11 0.37021
0.115 0.382387
0.12 0.393981
0.125 0.404973
0.13 0.415346
0.135 0.425086
0.14 0.434177
0.145 0.442604
0.15 0.450357
0.155 0.457421
0.16 0.463787
0.165 0.469446
0.17 0.474387
0.175 0.478605
0.18 0.482091
0.185 0.484842
0.19 0.486853
0.195 0.48812
0.2 0.488642
0.205 0.488418
0.21 0.487449
0.215 0.485735
0.22 0.48328
0.225 0.480087
0.23 0.476162
0.235 0.471509
0.24 0.466136
0.245 0.460052
0.25 0.453266
0.255 0.445787
0.26 0.437628
0.265 0.428801
0.27 0.419319
0.275 0.409197
0.28 0.398451
0.285 0.387096
0.29 0.37515
0.295 0.362632
0.3 0.34956
0.305 0.335954
0.31 0.321835
0.315 0.307225
0.32 0.292147
0.325 0.276622
0.33 0.260675
0.335 0.244329
0.34 0.227611
0.345 0.210546
0.35 0.193159
0.355 0.175477
0.36 0.157527
0.365 0.139337
0.37 0.120935
0.375 0.102347
0.38 0.083604
0.385 0.0647329
0.39 0.0457632
0.395 0.0267237
0.4 0.00764351
0.405 -0.0114482
0.41 -0.0305223
0.415 -0.0495496
0.42 -0.068501
0.425 -0.0873476
0.43 -0.106061
0.435 -0.124611
0.44 -0.142972
0.445 -0.161113
0.45 -0.179008
0.455 -0.19663
0.46 -0.21395
0.465 -0.230944
0.47 -0.247584
0.475 -0.263845
0.48 -0.279702
0.485 -0.295132
0.49 -0.31011
0.495 -0.324612
0.5 -0.338618
0.505 -0.352106
0.51 -0.365053
0.515 -0.377442
0.52 -0.389252
0.525 -0.400464
0.53 -0.411063
0.535 -0.421031
0.54 -0.430352
0.545 -0.439012
0.55 -0.446998
0.555 -0.454296
0.56 -0.460895
0.565 -0.466783
0.57 -0.471953
0.575 -0.476394
0.58 -0.4801
0.585 -0.483063
0.59 -0.485278
0.595 -0.486741
0.6 -0.487449
0.605 -0.487398
0.61 -0.486589
0.615 -0.485019
0.62 -0.482691
0.625 -0.479606
0.63 -0.475767
0.635 -0.471178
0.64 -0.465842
0.645 -0.459767
0.65 -0.452959
0.655 -0.445425
0.66 -0.437174
0.665 -0.428215
0.67 -0.418558
0.675 -0.408214
0.68 -0.397196
0.685 -0.385515
0.69 -0.373185
0.695 -0.360219
0.7 -0.346632
0.705 -0.332439
0.71 -0.317656
0.715 -0.302299
0.72 -0.286384
0.725 -0.269929
0.73 -0.25295
0.735 -0.235467
0.74 -0.217496
0.745 -0.199056
0.75 -0.180165
0.755 -0.160842
0.76 -0.141106
0.765 -0.120976
0.77 -0.10047
0.775 -0.079607
0.78 -0.0584056
0.785 -0.0368844
0.79 -0.0150617
0.795 0.00704428
0.8 0.0294158
0.805 0.0520352
0.81 0.0748853
0.815 0.0979494
0.82 0.121211
0.825 0.144654
0.83 0.168263
0.835 0.192023
0.84 0.21592
0.845 0.23994
0.85 0.264069
0.855 0.288295
0.86 0.312607
0.865 0.336992
0.87 0.36144
0.875 0.385941
0.88 0.410486
0.885 0.435066
0.89 0.459674
0.895 0.484301
0.9 0.508942
0.905 0.533591
0.91 0.558243
0.915 0.582892
0.92 0.607535
0.925 0.63217
0.93 0.656793
0.935 0.681402
0.94 0.705995
0.945 0.730573
0.95 0.755134
0.955 0.779678
0.96 0.804205
0.965 0.828718
0.97 0.853216
0.975 0.877701
0.98 0.902175
0.985 0.926639
0.99 0.951097
0.995 0.97555
1 1
