0 0
0.005 0.0189718
0.01 0.0379147
0.015 0.0567996
0.02 0.0755979
0.025 0.0942807
0.03 0.11282
0.035 0.131186
0.04 0.149353
0.045 0.167291
0.05 0.184974
0.055 0.202375
0.06 0.219466
0.065 0.236223
0.07 0.252619
0.075 0.268629
0.08 0.28423
0.085 0.299396
0.09 0.314105
0.095 0.328335
0.1 0.342064
0.105 0.35527
0.11 0.367934
0.115 0.380036
0.12 0.391558
0.125 0.402483
0.13 0.412792
0.135 0.422472
0.14 0.431507
0.145 0.439883
0.15 0.447587
0.155 0.454609
0.16 0.460936
0.165 0.466559
0.17 0.47147
0.175 0.475662
0.18 0.479127
0.185 0.481861
0.19 0.483859
0.195 0.485119
0.2 0.485638
0.205 0.485415
0.21 0.484452
0.215 0.482749
0.22 0.480309
0.225 0.477135
0.23 0.473234
0.235 0.46861
0.24 0.46327
0.245 0.457223
0.25 0.450478
0.255 0.443046
0.26 0.434937
0.265 0.426164
0.27 0.416741
0.275 0.406681
0.28 0.396001
0.285 0.384716
0.29 0.372844
0.295 0.360402
0.3 0.34741
0.305 0.333888
0.31 0.319856
0.315 0.305336
0.32 0.29035
0.325 0.274921
0.33 0.259072
0.335 0.242827
0.34 0.226212
0.345 0.209251
0.35 0.191971
0.355 0.174398
0.36 0.156559
0.365 0.138481
0.37 0.120191
0.375 0.101718
0.38 0.0830902
0.385 0.0643353
0.39 0.0454822
0.395 0.0265599
0.4 0.00759709
0.405 -0.0113771
0.41 -0.0303338
0.415 -0.049244
0.42 -0.0680788
0.425 -0.0868094
0.43 -0.105407
0.435 -0.123844
0.44 -0.142091
0.445 -0.160121
0.45 -0.177906
0.455 -0.195418
0.46 -0.212632
0.465 -0.229521
0.47 -0.246058
0.475 -0.262219
0.48 -0.277978
0.485 -0.293312
0.49 -0.308197
0.495 -0.32261
0.5 -0.336529
0.505 -0.349933
0.51 -0.3628
0.515 -0.375111
0.52 -0.386847
0.525 -0.39799
0.53 -0.408522
0.535 -0.418427
0.54 -0.427689
0.545 -0.436294
0.55 -0.444228
0.555 -0.451479
0.56 -0.458035
0.565 -0.463885
0.57 -0.469019
0.575 -0.47343
0.58 -0.477109
0.585 -0.48005
0.59 -0.482247
0.595 -0.483697
0.6 -0.484395
0.605 -0.484339
0.61 -0.483528
0.615 -0.481962
0.62 -0.479641
0.625 -0.476567
0.63 -0.472743
0.635 -0.468173
0.64 -0.462861
0.645 -0.456812
0.65 -0.450034
0.655 -0.442534
0.66 -0.434321
0.665 -0.425402
0.67 -0.41579
0.675 -0.405493
0.68 -0.394525
0.685 -0.382897
0.69 -0.370622
0.695 -0.357715
0.7 -0.344188
0.705 -0.330058
0.71 -0.31534
0.715 -0.30005
0.72 -0.284203
0.725 -0.267818
0.73 -0.250911
0.735 -0.2335
0.74 -0.215602
0.745 -0.197236
0.75 -0.178421
0.755 -0.159173
0.76 -0.139513
0.765 -0.119458
0.77 -0.0990271
0.775 -0.078239
0.78 -0.0571121
0.785 -0.0356647
0.79 -0.0139149
0.795 0.00811931
0.8 0.0304202
0.805 0.0529704
0.81 0.0757528
0.815 0.0987508
0.82 0.121948
0.825 0.145329
0.83 0.168878
0.835 0.19258
0.84 0.216421
0.845 0.240388
0.85 0.264466
0.855 0.288644
0.86 0.31291
0.865 0.337252
0.87 0.36166
0.875 0.386124
0.88 0.410634
0.885 0.435182
0.89 0.45976
0.895 0.484362
0.9 0.508979
0.905 0.533607
0.91 0.55824
0.915 0.582873
0.92 0.607504
0.925 0.632127
0.93 0.656741
0.935 0.681344
0.94 0.705934
0.945 0.730509
0.95 0.755069
0.955 0.779615
0.96 0.804146
0.965 0.828662
0.97 0.853166
0.975 0.877657
0.98 0.902139
0.985 0.926612
0.99 0.951078
0.995 0.97554
1 1
