0 0
0.02 0.0774345
0.04 0.153036
0.06 0.225016
0.08 0.291669
0.1 0.351419
0.12 0.402852
0.14 0.444749
0.16 0.476119
0.18 0.49622
0.2 0.504576
0.22 0.500989
0.24 0.485545
0.26 0.458608
0.28 0.420816
0.3 0.373064
0.32 0.316482
0.34 0.252409
0.36 0.182363
0.38 0.108001
0.4 0.031084
0.42 -0.046566
0.44 -0.12311
0.46 -0.196733
0.48 -0.265688
0.5 -0.328338
0.52 -0.383188
0.54 -0.428925
0.56 -0.464443
0.58 -0.488867
0.6 -0.50157
0.62 -0.50218
0.64 -0.490586
0.66 -0.466927
0.68 -0.431578
0.7 -0.385133
0.72 -0.32837
0.74 -0.262221
0.76 -0.187729
0.78 -0.106004
0.8 -0.0181823
0.82 0.0746209
0.84 0.171351
0.86 0.271049
0.88 0.37288
0.9 0.476153
0.92 0.580324
0.94 0.685001
0.96 0.789926
0.98 0.894948
1 1
