0 0
0.02 0.0728098
0.04 0.143896
0.06 0.211577
0.08 0.274249
0.1 0.330431
0.12 0.378791
0.14 0.418186
0.16 0.447683
0.18 0.466584
0.2 0.474441
0.22 0.471068
0.24 0.456546
0.26 0.431218
0.28 0.395683
0.3 0.350783
0.32 0.297581
0.34 0.237336
0.36 0.171474
0.38 0.101556
0.4 0.0292362
0.42 -0.0437707
0.44 -0.115734
0.46 -0.184946
0.48 -0.249763
0.5 -0.308638
0.52 -0.360165
0.54 -0.4031
0.56 -0.436396
0.58 -0.459218
0.6 -0.470961
0.62 -0.471257
0.64 -0.459978
0.66 -0.437227
0.68 -0.403325
0.7 -0.358792
0.72 -0.304322
0.74 -0.240746
0.76 -0.169
0.78 -0.0900879
0.8 -0.00503716
0.82 0.0851354
0.84 0.17946
0.86 0.277046
0.88 0.377103
0.9 0.478958
0.92 0.582063
0.94 0.685992
0.96 0.790429
0.98 0.895152
1 1
