0 0
0.02 0.0684613
0.04 0.135302
0.06 0.19894
0.08 0.25787
0.1 0.310696
0.12 0.356168
0.14 0.39321
0.16 0.420946
0.18 0.438717
0.2 0.446105
0.22 0.442934
0.24 0.429279
0.26 0.405464
0.28 0.372052
0.3 0.329834
0.32 0.27981
0.34 0.223165
0.36 0.161239
0.38 0.0955
0.4 0.0275056
0.42 -0.0411319
0.44 -0.108783
0.46 -0.173841
0.48 -0.234755
0.5 -0.290068
0.52 -0.338451
0.54 -0.378728
0.56 -0.409902
0.58 -0.431177
0.6 -0.441967
0.62 -0.441907
0.64 -0.430852
0.66 -0.408871
0.68 -0.376236
0.7 -0.333401
0.72 -0.28098
0.74 -0.219715
0.76 -0.15045
0.78 -0.0740902
0.8 0.00842943
0.82 0.0961781
0.84 0.18826
0.86 0.283842
0.88 0.382171
0.9 0.482594
0.92 0.584555
0.94 0.687602
0.96 0.791374
0.98 0.895584
1 1
