0 0
0.02 0.0643725
0.04 0.127221
0.06 0.187059
0.08 0.242469
0.1 0.29214
0.12 0.334897
0.14 0.369726
0.16 0.395805
0.18 0.412515
0.2 0.419462
0.22 0.41648
0.24 0.403641
0.26 0.381249
0.28 0.349833
0.3 0.310138
0.32 0.263103
0.34 0.209843
0.36 0.15162
0.38 0.0898128
0.4 0.0258886
0.42 -0.0386358
0.44 -0.102226
0.46 -0.163368
0.48 -0.2206
0.5 -0.272548
0.52 -0.317953
0.54 -0.355702
0.56 -0.384847
0.58 -0.404623
0.6 -0.414465
0.62 -0.414008
0.64 -0.403093
0.66 -0.381757
0.68 -0.350226
0.7 -0.308894
0.72 -0.258303
0.74 -0.199118
0.76 -0.132098
0.78 -0.0580619
0.8 0.0221358
0.82 0.10764
0.84 0.197619
0.86 0.29129
0.88 0.387935
0.9 0.486913
0.92 0.587667
0.94 0.689723
0.96 0.792682
0.98 0.896206
1 1
