0 0
0.02 0.0605279
0.04 0.119623
0.06 0.175887
0.08 0.227988
0.1 0.274692
0.12 0.314895
0.14 0.347645
0.16 0.372166
0.18 0.387878
0.2 0.39441
0.22 0.391607
0.24 0.379535
0.26 0.358481
0.28 0.328942
0.3 0.291619
0.32 0.247396
0.34 0.197321
0.36 0.142581
0.38 0.0844751
0.4 0.0243823
0.42 -0.0362685
0.44 -0.0960322
0.46 -0.153481
0.48 -0.207237
0.5 -0.256001
0.52 -0.298582
0.54 -0.333924
0.56 -0.361123
0.58 -0.379446
0.6 -0.388344
0.62 -0.387453
0.64 -0.3766
0.66 -0.355794
0.68 -0.325218
0.7 -0.285213
0.72 -0.236258
0.74 -0.178947
0.76 -0.113962
0.78 -0.0420503
0.8 0.0360088
0.82 0.119425
0.84 0.207425
0.86 0.299267
0.88 0.394265
0.9 0.491792
0.92 0.591289
0.94 0.692265
0.96 0.794289
0.98 0.896982
1 1
