0 0
0.02 0.0569129
0.04 0.112479
0.06 0.165382
0.08 0.214371
0.1 0.258287
0.12 0.296088
0.14 0.326882
0.16 0.349939
0.18 0.364713
0.2 0.370855
0.22 0.36822
0.24 0.35687
0.26 0.337074
0.28 0.309301
0.3 0.27421
0.32 0.232632
0.34 0.185554
0.36 0.134092
0.38 0.0794696
0.4 0.0229848
0.42 -0.0340162
0.44 -0.090172
0.46 -0.144136
0.48 -0.194606
0.5 -0.240355
0.52 -0.280255
0.54 -0.313302
0.56 -0.338633
0.58 -0.355544
0.6 -0.3635
0.62 -0.362141
0.64 -0.351279
0.66 -0.330899
0.68 -0.301146
0.7 -0.262312
0.72 -0.214819
0.74 -0.159197
0.76 -0.0960642
0.78 -0.0260983
0.8 0.0499838
0.82 0.131451
0.84 0.217579
0.86 0.307666
0.88 0.401053
0.9 0.497126
0.92 0.595327
0.94 0.69515
0.96 0.796141
0.98 0.897886
1 1
