0 0
0.02 0.0535138
0.04 0.105761
0.06 0.155505
0.08 0.201568
0.1 0.242861
0.12 0.278405
0.14 0.30736
0.16 0.329039
0.18 0.342932
0.2 0.348707
0.22 0.34623
0.24 0.335559
0.26 0.316947
0.28 0.290836
0.3 0.257845
0.32 0.218756
0.34 0.174498
0.36 0.126123
0.38 0.0747805
0.4 0.021695
0.42 -0.0318657
0.44 -0.0846175
0.46 -0.13529
0.48 -0.182652
0.5 -0.225544
0.52 -0.262895
0.54 -0.29375
0.56 -0.317284
0.58 -0.332822
0.6 -0.339841
0.62 -0.337982
0.64 -0.327049
0.66 -0.307002
0.68 -0.277952
0.7 -0.240148
0.72 -0.193962
0.74 -0.139867
0.76 -0.0784214
0.78 -0.0102446
0.8 0.0640037
0.82 0.143644
0.84 0.227997
0.86 0.316397
0.88 0.408207
0.9 0.502828
0.92 0.599703
0.94 0.698316
0.96 0.798194
0.98 0.898894
1 1
