0 0
0.02 0.0503177
0.04 0.0994445
0.06 0.146218
0.08 0.18953
0.1 0.228356
0.12 0.261778
0.14 0.289003
0.16 0.309389
0.18 0.322452
0.2 0.327883
0.22 0.325555
0.24 0.315523
0.26 0.298025
0.28 0.273478
0.3 0.242463
0.32 0.205717
0.34 0.164114
0.36 0.118645
0.38 0.0703935
0.4 0.020512
0.42 -0.0298037
0.44 -0.0793421
0.46 -0.126903
0.48 -0.171324
0.5 -0.211505
0.52 -0.246429
0.54 -0.275188
0.56 -0.296994
0.58 -0.311194
0.6 -0.31728
0.62 -0.314897
0.64 -0.303835
0.66 -0.284038
0.68 -0.255584
0.7 -0.218686
0.72 -0.173668
0.74 -0.120954
0.76 -0.0610507
0.78 0.00547675
0.8 0.0780189
0.82 0.155943
0.84 0.238608
0.86 0.325381
0.88 0.415648
0.9 0.508822
0.92 0.60435
0.94 0.701708
0.96 0.800408
0.98 0.899987
1 1
