0 0
0.02 0.143433
0.04 0.283472
0.06 0.4168
0.08 0.540264
0.1 0.65094
0.12 0.746209
0.14 0.823816
0.16 0.881924
0.18 0.919157
0.2 0.934635
0.22 0.927991
0.24 0.899383
0.26 0.849487
0.28 0.779484
0.3 0.691032
0.32 0.586223
0.34 0.467539
0.36 0.337789
0.38 0.200044
0.4 0.0575643
0.42 -0.0862782
0.44 -0.228079
0.46 -0.36448
0.48 -0.492256
0.5 -0.608379
0.52 -0.710103
0.54 -0.79502
0.56 -0.861119
0.58 -0.906836
0.6 -0.93109
0.62 -0.933305
0.64 -0.91343
0.66 -0.871935
0.68 -0.809802
0.7 -0.728502
0.72 -0.629958
0.74 -0.516505
0.76 -0.390826
0.78 -0.255896
0.8 -0.114908
0.82 0.0288035
0.84 0.171851
0.86 0.310891
0.88 0.442761
0.9 0.564678
0.92 0.674555
0.94 0.771431
0.96 0.855957
0.98 0.930697
1 1
