0 0
0.02 0.0473126
0.04 0.0935053
0.06 0.137485
0.08 0.178211
0.1 0.214718
0.12 0.246144
0.14 0.271744
0.16 0.290912
0.18 0.303196
0.2 0.308304
0.22 0.306117
0.24 0.296687
0.26 0.280238
0.28 0.257162
0.3 0.228007
0.32 0.193467
0.34 0.154366
0.36 0.111635
0.38 0.0662956
0.4 0.0194356
0.42 -0.0278176
0.44 -0.0743204
0.46 -0.118939
0.48 -0.160572
0.5 -0.198178
0.52 -0.230791
0.54 -0.257545
0.56 -0.277685
0.58 -0.290582
0.6 -0.295742
0.62 -0.29281
0.64 -0.281571
0.66 -0.261949
0.68 -0.233998
0.7 -0.197893
0.72 -0.15392
0.74 -0.102458
0.76 -0.0439667
0.78 0.021036
0.8 0.0919858
0.82 0.168291
0.84 0.249347
0.86 0.334551
0.88 0.423308
0.9 0.515045
0.92 0.60921
0.94 0.70528
0.96 0.802752
0.98 0.901147
1 1
