0 0
0.02 0.0444869
0.04 0.0879209
0.06 0.129274
0.08 0.167567
0.1 0.201895
0.12 0.231444
0.14 0.255515
0.16 0.27354
0.18 0.285091
0.2 0.289896
0.22 0.287842
0.24 0.278979
0.26 0.263518
0.28 0.241827
0.3 0.214425
0.32 0.181963
0.34 0.145217
0.36 0.105067
0.38 0.0624746
0.4 0.0184656
0.42 -0.0258956
0.44 -0.0695288
0.46 -0.111361
0.48 -0.150352
0.5 -0.18551
0.52 -0.21592
0.54 -0.240752
0.56 -0.259286
0.58 -0.270914
0.6 -0.275154
0.62 -0.271655
0.64 -0.260196
0.66 -0.240684
0.68 -0.21315
0.7 -0.17774
0.72 -0.134703
0.74 -0.0843778
0.76 -0.027182
0.78 0.0364074
0.8 0.105867
0.82 0.180643
0.84 0.260163
0.86 0.343849
0.88 0.431129
0.9 0.52144
0.92 0.614237
0.94 0.708992
0.96 0.805198
0.98 0.902361
1 1
