0 0
0.02 0.0418301
0.04 0.0826701
0.06 0.121554
0.08 0.15756
0.1 0.189838
0.12 0.217623
0.14 0.240257
0.16 0.257206
0.18 0.268069
0.2 0.27259
0.22 0.270662
0.24 0.262333
0.26 0.247803
0.28 0.227418
0.3 0.201666
0.32 0.171162
0.34 0.136638
0.36 0.0989206
0.38 0.0589197
0.4 0.0176023
0.42 -0.0240262
0.44 -0.0649449
0.46 -0.104139
0.48 -0.140621
0.5 -0.173451
0.52 -0.201757
0.54 -0.224748
0.56 -0.241732
0.58 -0.252123
0.6 -0.255453
0.62 -0.251372
0.64 -0.239655
0.66 -0.220196
0.68 -0.193005
0.7 -0.158202
0.72 -0.116002
0.74 -0.0667107
0.76 -0.0107072
0.78 0.0515689
0.8 0.119631
0.82 0.192958
0.84 0.271007
0.86 0.353227
0.88 0.439061
0.9 0.527961
0.92 0.619387
0.94 0.712812
0.96 0.807723
0.98 0.903617
1 1
