0 0
0.02 0.039332
0.04 0.0777331
0.06 0.114295
0.08 0.148151
0.1 0.178501
0.12 0.204628
0.14 0.225912
0.16 0.24185
0.18 0.252067
0.2 0.256321
0.22 0.254513
0.24 0.246688
0.26 0.233035
0.28 0.213881
0.3 0.189684
0.32 0.161027
0.34 0.128596
0.36 0.0931752
0.38 0.0556206
0.4 0.0168459
0.42 -0.0221989
0.44 -0.060548
0.46 -0.0972403
0.48 -0.13134
0.5 -0.161954
0.52 -0.18825
0.54 -0.209476
0.56 -0.224964
0.58 -0.234151
0.6 -0.236579
0.62 -0.231905
0.64 -0.219899
0.66 -0.200443
0.68 -0.173529
0.7 -0.139253
0.72 -0.0978043
0.74 -0.049455
0.76 0.00544892
0.78 0.0665016
0.8 0.133249
0.82 0.205201
0.84 0.281841
0.86 0.362641
0.88 0.447062
0.9 0.534568
0.92 0.624625
0.94 0.71671
0.96 0.810306
0.98 0.904903
1 1
