0 0
0.02 0.0369832
0.04 0.0730911
0.06 0.107469
0.08 0.139304
0.1 0.167843
0.12 0.19241
0.14 0.212424
0.16 0.227413
0.18 0.237023
0.2 0.241027
0.22 0.239334
0.24 0.231985
0.26 0.219159
0.28 0.201165
0.3 0.178436
0.32 0.15152
0.34 0.121065
0.36 0.0878117
0.38 0.0525676
0.4 0.0161964
0.42 -0.0204038
0.44 -0.0563188
0.46 -0.0906381
0.48 -0.122473
0.5 -0.150975
0.52 -0.175352
0.54 -0.194882
0.56 -0.208927
0.58 -0.216941
0.6 -0.21848
0.62 -0.213204
0.64 -0.200881
0.66 -0.181384
0.68 -0.15469
0.7 -0.120873
0.72 -0.0800977
0.74 -0.0326081
0.76 0.0212797
0.78 0.08119
0.8 0.146698
0.82 0.217342
0.84 0.292631
0.86 0.372055
0.88 0.455095
0.9 0.541226
0.92 0.629922
0.94 0.720662
0.96 0.812929
0.98 0.906212
1 1
