0 0
0.02 0.0347748
0.04 0.0687267
0.06 0.101052
0.08 0.130987
0.1 0.157822
0.12 0.180923
0.14 0.199744
0.16 0.213841
0.18 0.222881
0.2 0.226652
0.22 0.225068
0.24 0.218169
0.26 0.206125
0.28 0.189226
0.3 0.167881
0.32 0.142608
0.34 0.114019
0.36 0.0828123
0.38 0.0497519
0.4 0.0156539
0.42 -0.0186318
0.44 -0.0522397
0.46 -0.0843062
0.48 -0.113988
0.5 -0.140476
0.52 -0.163017
0.54 -0.18092
0.56 -0.193571
0.58 -0.200443
0.6 -0.201106
0.62 -0.195223
0.64 -0.182561
0.66 -0.162986
0.68 -0.13646
0.7 -0.103041
0.72 -0.0628699
0.74 -0.0161665
0.76 0.03678
0.78 0.0956212
0.8 0.159959
0.82 0.229357
0.84 0.303347
0.86 0.381439
0.88 0.463129
0.9 0.547905
0.92 0.63525
0.94 0.724647
0.96 0.81558
0.98 0.907535
1 1
