0 0
0.02 0.0326985
0.04 0.0646232
0.06 0.095019
0.08 0.123167
0.1 0.148401
0.12 0.170124
0.14 0.187824
0.16 0.201083
0.18 0.209589
0.2 0.213142
0.22 0.211663
0.24 0.20519
0.26 0.193883
0.28 0.178018
0.3 0.15798
0.32 0.134259
0.34 0.107433
0.36 0.0781604
0.38 0.047165
0.4 0.0152185
0.42 -0.0168747
0.44 -0.0482941
0.46 -0.0782207
0.48 -0.105852
0.5 -0.130421
0.52 -0.151205
0.54 -0.167544
0.56 -0.178849
0.58 -0.184612
0.6 -0.184411
0.62 -0.177919
0.64 -0.1649
0.66 -0.145214
0.68 -0.118813
0.7 -0.0857374
0.72 -0.0461092
0.74 -0.000126207
0.76 0.0519464
0.78 0.109785
0.8 0.173016
0.82 0.241225
0.84 0.313965
0.86 0.390766
0.88 0.471138
0.9 0.554582
0.92 0.640588
0.94 0.728647
0.96 0.818243
0.98 0.908865
1 1
