0 0
0.02 0.0307464
0.04 0.0607654
0.06 0.0893469
0.08 0.115815
0.1 0.139544
0.12 0.159973
0.14 0.17662
0.16 0.189092
0.18 0.197096
0.2 0.200447
0.22 0.199068
0.24 0.192999
0.26 0.18239
0.28 0.167501
0.3 0.148699
0.32 0.126443
0.34 0.101283
0.36 0.0738402
0.38 0.0447989
0.4 0.0148899
0.42 -0.0151248
0.44 -0.0444673
0.46 -0.0723597
0.48 -0.0980397
0.5 -0.120775
0.52 -0.139878
0.54 -0.154714
0.56 -0.16472
0.58 -0.169403
0.6 -0.168355
0.62 -0.161253
0.64 -0.147863
0.66 -0.128039
0.68 -0.101724
0.7 -0.0689439
0.72 -0.0298042
0.74 0.0155173
0.76 0.0667768
0.78 0.123673
0.8 0.185854
0.82 0.252926
0.84 0.324464
0.86 0.400013
0.88 0.479098
0.9 0.561233
0.92 0.645917
0.94 0.732646
0.96 0.82091
0.98 0.910199
1 1
