0 0
0.02 0.0289112
0.04 0.0571386
0.06 0.0840146
0.08 0.108904
0.1 0.131218
0.12 0.150431
0.14 0.166088
0.16 0.177821
0.18 0.185357
0.2 0.188519
0.22 0.187238
0.24 0.181551
0.26 0.171602
0.28 0.157637
0.3 0.140002
0.32 0.119133
0.34 0.0955485
0.36 0.0698369
0.38 0.0426459
0.4 0.0146676
0.42 -0.0133756
0.44 -0.0407455
0.46 -0.0667032
0.48 -0.0905235
0.5 -0.111508
0.52 -0.129
0.54 -0.142394
0.56 -0.151145
0.58 -0.154779
0.6 -0.1529
0.62 -0.14519
0.64 -0.131417
0.66 -0.111432
0.68 -0.0851695
0.7 -0.0526433
0.72 -0.0139436
0.74 0.0307691
0.76 0.0812703
0.78 0.137278
0.8 0.198462
0.82 0.264448
0.84 0.334827
0.86 0.409161
0.88 0.486991
0.9 0.56784
0.92 0.65122
0.94 0.736631
0.96 0.82357
0.98 0.91153
1 1
