0 0
0.02 0.027186
0.04 0.0537292
0.06 0.0790021
0.08 0.102407
0.1 0.123392
0.12 0.141462
0.14 0.15619
0.16 0.167231
0.18 0.174326
0.2 0.177314
0.22 0.176128
0.24 0.170805
0.26 0.161481
0.28 0.14839
0.3 0.13186
0.32 0.112303
0.34 0.090209
0.36 0.0661366
0.38 0.0406987
0.4 0.0145511
0.42 -0.0116208
0.44 -0.0371162
0.46 -0.0612328
0.48 -0.0832801
0.5 -0.102593
0.52 -0.118542
0.54 -0.130548
0.56 -0.138088
0.58 -0.140703
0.6 -0.138009
0.62 -0.129696
0.64 -0.115533
0.66 -0.0953678
0.68 -0.0691286
0.7 -0.0368192
0.72 0.00148356
0.74 0.0456349
0.76 0.0954275
0.78 0.150598
0.8 0.210833
0.82 0.275777
0.84 0.345038
0.86 0.418195
0.88 0.4948
0.9 0.574389
0.92 0.656483
0.94 0.740591
0.96 0.826216
0.98 0.912854
1 1
