0 0
0.02 0.134867
0.04 0.266541
0.06 0.391907
0.08 0.507997
0.1 0.612063
0.12 0.701642
0.14 0.774614
0.16 0.829251
0.18 0.864261
0.2 0.878815
0.22 0.872568
0.24 0.845668
0.26 0.798752
0.28 0.73293
0.3 0.64976
0.32 0.551211
0.34 0.439616
0.36 0.317615
0.38 0.188097
0.4 0.0541263
0.42 -0.0811253
0.44 -0.214457
0.46 -0.342712
0.48 -0.462856
0.5 -0.572044
0.52 -0.667693
0.54 -0.747538
0.56 -0.809689
0.58 -0.852676
0.6 -0.875481
0.62 -0.877564
0.64 -0.858876
0.66 -0.819859
0.68 -0.761437
0.7 -0.684992
0.72 -0.592333
0.74 -0.485653
0.76 -0.367472
0.78 -0.240577
0.8 -0.107947
0.82 0.0273408
0.84 0.162218
0.86 0.293768
0.88 0.419409
0.9 0.537104
0.92 0.645609
0.94 0.74469
0.96 0.835263
0.98 0.919376
1 1
