0 0
0.02 0.0255643
0.04 0.0505244
0.06 0.0742905
0.08 0.0963013
0.1 0.116037
0.12 0.133033
0.14 0.146889
0.16 0.15728
0.18 0.163964
0.2 0.16679
0.22 0.165697
0.24 0.16072
0.26 0.151989
0.28 0.139726
0.3 0.124242
0.32 0.105927
0.34 0.0852453
0.36 0.062726
0.38 0.0389501
0.4 0.0145396
0.42 -0.0098551
0.44 -0.0335682
0.46 -0.0559317
0.48 -0.0762879
0.5 -0.094002
0.52 -0.108473
0.54 -0.119145
0.56 -0.125516
0.58 -0.127143
0.6 -0.123652
0.62 -0.114742
0.64 -0.100182
0.66 -0.0798213
0.68 -0.0535808
0.7 -0.0214559
0.72 0.0164883
0.74 0.0601207
0.76 0.10925
0.78 0.163628
0.8 0.222959
0.82 0.286904
0.84 0.355087
0.86 0.4271
0.88 0.502511
0.9 0.580866
0.92 0.661695
0.94 0.744517
0.96 0.828841
0.98 0.914169
1 1
