0 0
0.02 0.02404
0.04 0.0475122
0.06 0.0698622
0.08 0.0905625
0.1 0.109125
0.12 0.125113
0.14 0.13815
0.16 0.147932
0.18 0.154232
0.2 0.156909
0.22 0.155906
0.24 0.151259
0.26 0.143091
0.28 0.131614
0.3 0.117121
0.32 0.0999822
0.34 0.0806392
0.36 0.0595925
0.38 0.0373933
0.4 0.014632
0.42 -0.00807389
0.44 -0.0300913
0.46 -0.0507846
0.48 -0.0695271
0.5 -0.0857127
0.52 -0.0987671
0.54 -0.108157
0.56 -0.113399
0.58 -0.114067
0.6 -0.109799
0.62 -0.100298
0.64 -0.0853395
0.66 -0.0647699
0.68 -0.0385069
0.7 -0.00653814
0.72 0.0310814
0.74 0.0742331
0.76 0.122739
0.78 0.176367
0.8 0.234835
0.82 0.297821
0.84 0.364963
0.86 0.435867
0.88 0.510113
0.9 0.587259
0.92 0.666846
0.94 0.748401
0.96 0.831439
0.98 0.915471
1 1
