0 0
0.02 0.0226075
0.04 0.0446814
0.06 0.0657007
0.08 0.0851698
0.1 0.10263
0.12 0.117671
0.14 0.12994
0.16 0.139152
0.18 0.145094
0.2 0.147634
0.22 0.14672
0.24 0.142388
0.26 0.134756
0.28 0.124023
0.3 0.11047
0.32 0.0944472
0.34 0.0763736
0.36 0.0567241
0.38 0.0360216
0.4 0.0148269
0.42 -0.00627304
0.44 -0.0266764
0.46 -0.0457777
0.48 -0.0629795
0.5 -0.0777032
0.52 -0.0893992
0.54 -0.0975561
0.56 -0.101709
0.58 -0.101448
0.6 -0.0964205
0.62 -0.0863384
0.64 -0.0709802
0.66 -0.0501922
0.68 -0.0238888
0.7 0.00794852
0.72 0.0452737
0.74 0.0879788
0.76 0.135898
0.78 0.188814
0.8 0.246459
0.82 0.308522
0.84 0.374658
0.86 0.444485
0.88 0.517596
0.9 0.59356
0.92 0.671928
0.94 0.752235
0.96 0.834006
0.98 0.916757
1 1
