0 0
0.02 0.0212614
0.04 0.0420213
0.06 0.0617904
0.08 0.0801029
0.1 0.0965281
0.12 0.110681
0.14 0.12223
0.16 0.130908
0.18 0.136516
0.2 0.13893
0.22 0.138105
0.24 0.134074
0.26 0.126951
0.28 0.116926
0.3 0.104265
0.32 0.0893012
0.34 0.0724324
0.36 0.0541093
0.38 0.0348286
0.4 0.0151231
0.42 -0.00444906
0.44 -0.0233151
0.46 -0.0408982
0.48 -0.0566286
0.5 -0.0699535
0.52 -0.0803469
0.54 -0.0873186
0.56 -0.0904217
0.58 -0.0892599
0.6 -0.0834926
0.62 -0.0728391
0.64 -0.0570819
0.66 -0.0360679
0.68 -0.00970922
0.7 0.0220181
0.72 0.0590756
0.74 0.101365
0.76 0.148732
0.78 0.200971
0.8 0.257826
0.82 0.319003
0.84 0.384167
0.86 0.452949
0.88 0.524953
0.9 0.599762
0.92 0.676934
0.94 0.756015
0.96 0.836538
0.98 0.918027
1 1
