0 0
0.02 0.0199966
0.04 0.0395221
0.06 0.0581166
0.08 0.0753429
0.1 0.0907965
0.12 0.104115
0.14 0.11499
0.16 0.123168
0.18 0.128465
0.2 0.130766
0.22 0.130028
0.24 0.126286
0.26 0.119648
0.28 0.110296
0.3 0.0984822
0.32 0.0845247
0.34 0.0688001
0.36 0.0517371
0.38 0.0338079
0.4 0.0155188
0.42 -0.00259899
0.44 -0.0200001
0.46 -0.0361348
0.48 -0.0504594
0.5 -0.0624454
0.52 -0.0715896
0.54 -0.0774216
0.56 -0.0795119
0.58 -0.0774783
0.6 -0.070991
0.62 -0.0597771
0.64 -0.0436234
0.66 -0.0223782
0.68 0.00404828
0.7 0.0356842
0.72 0.0724976
0.74 0.114399
0.76 0.161244
0.78 0.212838
0.8 0.268938
0.82 0.329261
0.84 0.393484
0.86 0.461251
0.88 0.532178
0.9 0.605857
0.92 0.681858
0.94 0.759735
0.96 0.839031
0.98 0.919277
1 1
