0 0
0.02 0.0188084
0.04 0.0371743
0.06 0.0546659
0.08 0.0708723
0.1 0.0854138
0.12 0.0979511
0.14 0.108193
0.16 0.115905
0.18 0.120913
0.2 0.123111
0.22 0.12246
0.24 0.118995
0.26 0.11282
0.28 0.104108
0.3 0.0931007
0.32 0.0800993
0.34 0.0654623
0.36 0.0495972
0.38 0.0329533
0.4 0.0160123
0.42 -0.000720365
0.44 -0.0167249
0.46 -0.0314772
0.48 -0.044458
0.5 -0.0551623
0.52 -0.0631082
0.54 -0.0678445
0.56 -0.0689583
0.58 -0.066081
0.6 -0.0588937
0.62 -0.0471313
0.64 -0.030585
0.66 -0.00910509
0.68 0.0173993
0.7 0.0489598
0.72 0.0855501
0.74 0.127088
0.76 0.173439
0.78 0.224418
0.8 0.279794
0.82 0.339293
0.84 0.402606
0.86 0.469388
0.88 0.539266
0.9 0.611841
0.92 0.686695
0.94 0.763392
0.96 0.841482
0.98 0.920507
1 1
