0 0
0.02 0.0177033
0.04 0.0349907
0.06 0.0514566
0.08 0.0667149
0.1 0.0804092
0.12 0.0922207
0.14 0.101877
0.16 0.109157
0.18 0.1139
0.2 0.116006
0.22 0.115441
0.24 0.11224
0.26 0.106503
0.28 0.0983957
0.3 0.0881477
0.32 0.0760468
0.34 0.0624341
0.36 0.0476977
0.38 0.032265
0.4 0.016595
0.42 0.00116956
0.44 -0.0135159
0.46 -0.026961
0.48 -0.0386696
0.5 -0.0481586
0.52 -0.0549662
0.54 -0.0586595
0.56 -0.0588412
0.58 -0.055156
0.6 -0.0472956
0.62 -0.0350023
0.64 -0.0180726
0.66 0.00364155
0.68 0.0302311
0.7 0.0617304
0.72 0.0981181
0.74 0.139319
0.76 0.185206
0.78 0.235603
0.8 0.290289
0.82 0.349002
0.84 0.411443
0.86 0.477278
0.88 0.546143
0.9 0.617652
0.92 0.691396
0.94 0.766947
0.96 0.843867
0.98 0.921703
1 1
