0 0
0.02 0.0166548
0.04 0.0329191
0.06 0.048412
0.08 0.0627715
0.1 0.0756627
0.12 0.0867871
0.14 0.095889
0.16 0.102763
0.18 0.107257
0.2 0.109281
0.22 0.108804
0.24 0.10586
0.26 0.100546
0.28 0.0930207
0.3 0.0835038
0.32 0.072269
0.34 0.0596415
0.36 0.0459905
0.38 0.0317232
0.4 0.0172769
0.42 0.00311054
0.44 -0.0103031
0.46 -0.0224866
0.48 -0.0329659
0.5 -0.0412789
0.52 -0.0469832
0.54 -0.0496633
0.56 -0.0489376
0.58 -0.0444636
0.6 -0.0359433
0.62 -0.0231269
0.64 -0.00581584
0.66 0.0161351
0.68 0.0428169
0.7 0.0742661
0.72 0.110465
0.74 0.151345
0.76 0.196786
0.78 0.246621
0.8 0.300638
0.82 0.358585
0.84 0.420172
0.86 0.485077
0.88 0.552947
0.9 0.623405
0.92 0.696052
0.94 0.770471
0.96 0.84623
0.98 0.922889
1 1
