0 0
0.02 0.0156704
0.04 0.0309744
0.06 0.0455544
0.08 0.0590705
0.1 0.0712091
0.12 0.08169
0.14 0.090274
0.16 0.0967688
0.18 0.101034
0.2 0.102985
0.22 0.102595
0.24 0.0998996
0.26 0.094991
0.28 0.0880223
0.3 0.0792024
0.32 0.068793
0.34 0.0571037
0.36 0.0444867
0.38 0.03133
0.4 0.0180501
0.42 0.00508485
0.44 -0.0071147
0.46 -0.0180926
0.48 -0.0273958
0.5 -0.0345822
0.52 -0.0392278
0.54 -0.0409341
0.56 -0.0393341
0.58 -0.0340981
0.6 -0.024938
0.62 -0.011612
0.64 0.00607324
0.66 0.0282601
0.68 0.055039
0.7 0.0864481
0.72 0.122473
0.74 0.163051
0.76 0.208067
0.78 0.257363
0.8 0.310736
0.82 0.367942
0.84 0.428703
0.86 0.492705
0.88 0.559606
0.9 0.629039
0.92 0.700613
0.94 0.773923
0.96 0.848547
0.98 0.924052
1 1
