0 0
0.02 0.0147466
0.04 0.0291494
0.06 0.0428729
0.08 0.0555984
0.1 0.0670316
0.12 0.0769103
0.14 0.0850106
0.16 0.091153
0.18 0.095207
0.2 0.0970947
0.22 0.0967935
0.24 0.0943377
0.26 0.089818
0.28 0.0833809
0.3 0.0752262
0.32 0.0656037
0.34 0.054809
0.36 0.0431776
0.38 0.0310795
0.4 0.0189122
0.42 0.00709335
0.44 -0.00394661
0.46 -0.013772
0.48 -0.0219498
0.5 -0.0280566
0.52 -0.0316864
0.54 -0.0324567
0.56 -0.0300146
0.58 -0.0240428
0.6 -0.0142631
0.62 -0.000441412
0.64 0.0176102
0.66 0.040031
0.68 0.0669104
0.7 0.0982876
0.72 0.134152
0.74 0.174443
0.76 0.219054
0.78 0.267833
0.8 0.320585
0.82 0.377076
0.84 0.437036
0.86 0.50016
0.88 0.566118
0.9 0.63455
0.92 0.705079
0.94 0.777305
0.96 0.850816
0.98 0.925192
1 1
