0 0
0.02 0.126812
0.04 0.250622
0.06 0.368501
0.08 0.477657
0.1 0.575508
0.12 0.659737
0.14 0.728351
0.16 0.779725
0.18 0.812644
0.2 0.826328
0.22 0.820454
0.24 0.795161
0.26 0.751047
0.28 0.689156
0.3 0.610954
0.32 0.518291
0.34 0.41336
0.36 0.298646
0.38 0.176863
0.4 0.0508936
0.42 -0.0762801
0.44 -0.201648
0.46 -0.322244
0.48 -0.435212
0.5 -0.537879
0.52 -0.627815
0.54 -0.702892
0.56 -0.761331
0.58 -0.801751
0.6 -0.823194
0.62 -0.825152
0.64 -0.80758
0.66 -0.770892
0.68 -0.715957
0.7 -0.644073
0.72 -0.556934
0.74 -0.456594
0.76 -0.3454
0.78 -0.225933
0.8 -0.100918
0.82 0.0268756
0.84 0.154758
0.86 0.280262
0.88 0.401304
0.9 0.516348
0.92 0.624552
0.94 0.725875
0.96 0.821101
0.98 0.911769
1 1
