0 0
0.02 0.01388
0.04 0.0274374
0.06 0.0403577
0.08 0.052342
0.1 0.0631147
0.12 0.0724302
0.14 0.0800792
0.16 0.0858943
0.18 0.0897542
0.2 0.0915878
0.22 0.0913757
0.24 0.0891526
0.26 0.0850064
0.28 0.079078
0.3 0.0715587
0.32 0.0626873
0.34 0.0527457
0.36 0.0420545
0.38 0.0309665
0.4 0.0198609
0.42 0.00913658
0.44 -0.00079541
0.46 -0.00951874
0.48 -0.0166191
0.5 -0.0216915
0.52 -0.0243465
0.54 -0.024217
0.56 -0.0209642
0.58 -0.0142822
0.6 -0.00390296
0.62 0.0104003
0.64 0.0288098
0.66 0.0514616
0.68 0.0784437
0.7 0.109796
0.72 0.14551
0.74 0.185529
0.76 0.229753
0.78 0.278036
0.8 0.330189
0.82 0.385988
0.84 0.445171
0.86 0.507443
0.88 0.572483
0.9 0.63994
0.92 0.709447
0.94 0.780613
0.96 0.853038
0.98 0.926307
1 1
