0 0
0.02 0.0130672
0.04 0.025832
0.06 0.0379994
0.08 0.0492895
0.1 0.0594439
0.12 0.0682331
0.14 0.0754614
0.16 0.0809728
0.18 0.0846552
0.2 0.0864433
0.22 0.0863214
0.24 0.0843241
0.26 0.0805372
0.28 0.0750962
0.3 0.0681844
0.32 0.0600302
0.34 0.0509032
0.36 0.0411092
0.38 0.0309853
0.4 0.0208936
0.42 0.0112148
0.44 0.00234188
0.46 -0.00532721
0.48 -0.0113961
0.5 -0.0154769
0.52 -0.0171964
0.54 -0.0162024
0.56 -0.012169
0.58 -0.00480207
0.6 0.00615705
0.62 0.0209275
0.64 0.0396859
0.66 0.0625649
0.68 0.0896508
0.7 0.120984
0.72 0.156557
0.74 0.196318
0.76 0.240171
0.78 0.287976
0.8 0.339552
0.82 0.394681
0.84 0.453111
0.86 0.514555
0.88 0.5787
0.9 0.645208
0.92 0.713717
0.94 0.783849
0.96 0.85521
0.98 0.927398
1 1
