0 0
0.02 0.0123053
0.04 0.0243271
0.06 0.0357892
0.08 0.0464292
0.1 0.0560054
0.12 0.0643031
0.14 0.0711397
0.16 0.0763702
0.18 0.0798906
0.2 0.0816417
0.22 0.0816109
0.24 0.0798333
0.26 0.0763925
0.28 0.0714188
0.3 0.0650884
0.32 0.0576198
0.34 0.0492709
0.36 0.0403339
0.38 0.0311308
0.4 0.0220076
0.42 0.0133281
0.44 0.00546784
0.46 -0.00119248
0.48 -0.00627355
0.5 -0.0094038
0.52 -0.0102255
0.54 -0.00840064
0.56 -0.00361614
0.58 0.00441121
0.6 0.0159306
0.62 0.0311537
0.64 0.0502517
0.66 0.0733534
0.68 0.100543
0.7 0.131861
0.72 0.167303
0.74 0.206818
0.76 0.250315
0.78 0.297659
0.8 0.348677
0.82 0.403158
0.84 0.460857
0.86 0.521497
0.88 0.584772
0.9 0.650353
0.92 0.71789
0.94 0.787011
0.96 0.857334
0.98 0.928464
1 1
