0 0
0.02 0.0115914
0.04 0.0229173
0.06 0.0337188
0.08 0.0437506
0.1 0.0527864
0.12 0.0606255
0.14 0.0670979
0.16 0.0720688
0.18 0.0754421
0.2 0.0771644
0.22 0.0772259
0.24 0.0756624
0.26 0.0725552
0.28 0.0680303
0.3 0.0622567
0.32 0.0554441
0.34 0.0478389
0.36 0.0397209
0.38 0.0313978
0.4 0.0232002
0.42 0.0154761
0.44 0.00858463
0.46 0.00288989
0.48 -0.00124494
0.5 -0.0034639
0.52 -0.003424
0.54 -0.000800809
0.56 0.00470643
0.58 0.0133702
0.6 0.0254306
0.62 0.0410919
0.64 0.0605197
0.66 0.0838389
0.68 0.111132
0.7 0.142439
0.72 0.177756
0.74 0.217036
0.76 0.260191
0.78 0.307091
0.8 0.35757
0.82 0.411423
0.84 0.468412
0.86 0.528269
0.88 0.590698
0.9 0.655378
0.92 0.721965
0.94 0.7901
0.96 0.859409
0.98 0.929507
1 1
