0 0
0.02 0.0109228
0.04 0.0215971
0.06 0.0317805
0.08 0.0412435
0.1 0.0497746
0.12 0.0571864
0.14 0.0633207
0.16 0.0680522
0.18 0.0712927
0.2 0.0729939
0.22 0.073149
0.24 0.0717944
0.26 0.0690094
0.28 0.0649158
0.3 0.0596761
0.32 0.0534914
0.34 0.0465978
0.36 0.039263
0.38 0.0317812
0.4 0.0244688
0.42 0.0176586
0.44 0.0116941
0.46 0.00692385
0.48 0.0036956
0.5 0.00235044
0.52 0.00321726
0.54 0.00660742
0.56 0.0128099
0.58 0.0220867
0.6 0.034669
0.62 0.050754
0.64 0.0705016
0.66 0.0940329
0.68 0.121428
0.7 0.152727
0.72 0.187925
0.74 0.22698
0.76 0.269805
0.78 0.316277
0.8 0.366234
0.82 0.419478
0.84 0.475779
0.86 0.534876
0.88 0.596481
0.9 0.660281
0.92 0.725944
0.94 0.793117
0.96 0.861436
0.98 0.930525
1 1
