0 0
0.02 0.0102971
0.04 0.0203616
0.06 0.029967
0.08 0.0388985
0.1 0.0469586
0.12 0.0539728
0.14 0.0597936
0.16 0.0643051
0.18 0.0674262
0.2 0.0691138
0.22 0.069364
0.24 0.0682135
0.26 0.06574
0.28 0.0620614
0.3 0.057334
0.32 0.051751
0.34 0.0455385
0.36 0.038953
0.38 0.0322762
0.4 0.0258107
0.42 0.0198749
0.44 0.0147978
0.46 0.0109129
0.48 0.00855343
0.5 0.00804621
0.52 0.00970665
0.54 0.0138336
0.56 0.0207046
0.58 0.0305716
0.6 0.0436573
0.62 0.0601515
0.64 0.0802088
0.66 0.103946
0.68 0.131442
0.7 0.162734
0.72 0.19782
0.74 0.236657
0.76 0.279165
0.78 0.325223
0.8 0.374674
0.82 0.427328
0.84 0.48296
0.86 0.541318
0.88 0.602121
0.9 0.665065
0.92 0.729826
0.94 0.796061
0.96 0.863414
0.98 0.931518
1 1
