0 0
0.02 0.00971185
0.04 0.0192062
0.06 0.0282714
0.08 0.0367067
0.1 0.0443279
0.12 0.0509723
0.14 0.056503
0.16 0.0608127
0.18 0.0638275
0.2 0.0655087
0.22 0.0658553
0.24 0.0649046
0.26 0.0627327
0.28 0.0594537
0.3 0.0552184
0.32 0.0502123
0.34 0.0446524
0.36 0.0387843
0.38 0.0328779
0.4 0.027223
0.42 0.0221244
0.44 0.0178969
0.46 0.0148602
0.48 0.0133334
0.5 0.0136298
0.52 0.0160519
0.54 0.0208866
0.56 0.0284004
0.58 0.0388355
0.6 0.0524061
0.62 0.0692952
0.64 0.0896518
0.66 0.113589
0.68 0.141183
0.7 0.172469
0.72 0.207447
0.74 0.246076
0.76 0.288277
0.78 0.333934
0.8 0.382896
0.82 0.434977
0.84 0.48996
0.86 0.547599
0.88 0.607621
0.9 0.669732
0.92 0.733614
0.94 0.798934
0.96 0.865345
0.98 0.932488
1 1
