0 0
0.02 0.00916483
0.04 0.0181265
0.06 0.0266872
0.08 0.0346597
0.1 0.0418722
0.12 0.0481733
0.14 0.0534361
0.16 0.0575615
0.18 0.0604821
0.2 0.0621638
0.22 0.0626083
0.24 0.0618535
0.26 0.059974
0.28 0.0570803
0.3 0.053318
0.32 0.0488654
0.34 0.043931
0.36 0.0387503
0.38 0.0335817
0.4 0.028703
0.42 0.0244061
0.44 0.0209925
0.46 0.0187685
0.48 0.01804
0.5 0.0191072
0.52 0.0222603
0.54 0.0277747
0.56 0.0359062
0.58 0.0468879
0.6 0.0609255
0.62 0.0781954
0.64 0.098841
0.66 0.122971
0.68 0.15066
0.7 0.181942
0.72 0.216817
0.74 0.255244
0.76 0.297148
0.78 0.342417
0.8 0.390904
0.82 0.442429
0.84 0.49678
0.86 0.553721
0.88 0.612984
0.9 0.674282
0.92 0.737308
0.94 0.801736
0.96 0.867228
0.98 0.933434
1 1
