0 0
0.02 0.00865398
0.04 0.0171183
0.06 0.0252084
0.08 0.0327496
0.1 0.0395821
0.12 0.045565
0.14 0.0505808
0.16 0.0545385
0.18 0.0573765
0.2 0.0590655
0.22 0.0596094
0.24 0.0590468
0.26 0.0574509
0.28 0.0549291
0.3 0.0516219
0.32 0.047701
0.34 0.0433666
0.36 0.0388446
0.38 0.034383
0.4 0.0302479
0.42 0.026719
0.44 0.0240854
0.46 0.0226403
0.48 0.0226771
0.5 0.0244836
0.52 0.0283384
0.54 0.0345055
0.56 0.0432308
0.58 0.054738
0.6 0.0692251
0.62 0.0868616
0.64 0.107786
0.66 0.132103
0.68 0.159883
0.7 0.191161
0.72 0.225935
0.74 0.264168
0.76 0.305785
0.78 0.350677
0.8 0.398703
0.82 0.449688
0.84 0.503426
0.86 0.559687
0.88 0.618211
0.9 0.678719
0.92 0.74091
0.94 0.804468
0.96 0.869064
0.98 0.934357
1 1
