0 0
0.02 0.0081773
0.04 0.0161777
0.06 0.0238292
0.08 0.030969
0.1 0.0374485
0.12 0.0431371
0.14 0.0479259
0.16 0.0517314
0.18 0.0544981
0.2 0.0562007
0.22 0.0568456
0.24 0.0564718
0.26 0.0551514
0.28 0.0529889
0.3 0.0501199
0.32 0.0467099
0.34 0.0429514
0.36 0.0390613
0.38 0.0352775
0.4 0.0318551
0.42 0.0290623
0.44 0.0271761
0.46 0.0264778
0.48 0.0272484
0.5 0.0297643
0.52 0.0342924
0.54 0.0410862
0.56 0.0503819
0.58 0.0623943
0.6 0.0773137
0.62 0.0953032
0.64 0.116496
0.66 0.140992
0.68 0.168861
0.7 0.200134
0.72 0.234811
0.74 0.272855
0.76 0.314193
0.78 0.35872
0.8 0.406299
0.82 0.456759
0.84 0.509901
0.86 0.5655
0.88 0.623305
0.9 0.683042
0.92 0.744421
0.94 0.807132
0.96 0.870855
0.98 0.935257
1 1
