0 0
0.02 0.119238
0.04 0.235654
0.06 0.346492
0.08 0.44913
0.1 0.541136
0.12 0.620335
0.14 0.68485
0.16 0.733156
0.18 0.764109
0.2 0.776976
0.22 0.771453
0.24 0.74767
0.26 0.706191
0.28 0.647997
0.3 0.574465
0.32 0.487336
0.34 0.388672
0.36 0.280809
0.38 0.1663
0.4 0.0478541
0.42 -0.0717243
0.44 -0.189605
0.46 -0.302998
0.48 -0.409219
0.5 -0.505755
0.52 -0.59032
0.54 -0.660912
0.56 -0.715861
0.58 -0.753866
0.6 -0.774028
0.62 -0.775868
0.64 -0.759343
0.66 -0.72484
0.68 -0.673172
0.7 -0.605551
0.72 -0.523557
0.74 -0.429091
0.76 -0.324319
0.78 -0.211595
0.8 -0.0933744
0.82 0.0278874
0.84 0.149854
0.86 0.270432
0.88 0.387903
0.9 0.501032
0.92 0.609168
0.94 0.712284
0.96 0.810971
0.98 0.906363
1 1
