0 0
0.02 0.00773296
0.04 0.0153011
0.06 0.0225443
0.08 0.029311
0.1 0.0354632
0.12 0.0408798
0.14 0.0454605
0.16 0.0491288
0.18 0.0518348
0.2 0.0535571
0.22 0.0543044
0.24 0.0541164
0.26 0.0530641
0.28 0.0512489
0.3 0.0488023
0.32 0.0458836
0.34 0.0426782
0.36 0.0393945
0.38 0.0362607
0.4 0.0335217
0.42 0.0314345
0.44 0.030265
0.46 0.0302827
0.48 0.0317573
0.5 0.0349536
0.52 0.0401279
0.54 0.0475236
0.56 0.0573671
0.58 0.069865
0.6 0.0852
0.62 0.103529
0.64 0.124979
0.66 0.149648
0.68 0.177602
0.7 0.20887
0.72 0.243452
0.74 0.281312
0.76 0.32238
0.78 0.366552
0.8 0.413696
0.82 0.463646
0.84 0.516208
0.86 0.571164
0.88 0.628268
0.9 0.687256
0.92 0.747843
0.94 0.809729
0.96 0.8726
0.98 0.936134
1 1
