0 0
0.02 0.00731921
0.04 0.0144851
0.06 0.0213485
0.08 0.0277689
0.1 0.0336181
0.12 0.0387841
0.14 0.0431746
0.16 0.0467199
0.18 0.0493752
0.2 0.0511231
0.22 0.0519743
0.24 0.0519693
0.26 0.0511779
0.28 0.0496989
0.3 0.0476597
0.32 0.045214
0.34 0.0425401
0.36 0.0398386
0.38 0.0373286
0.4 0.035245
0.42 0.0338347
0.44 0.0333524
0.46 0.0340569
0.48 0.0362067
0.5 0.0400559
0.52 0.0458504
0.54 0.0538237
0.56 0.0641934
0.58 0.0771576
0.6 0.0928919
0.62 0.111547
0.64 0.133245
0.66 0.15808
0.68 0.186113
0.7 0.217376
0.72 0.251866
0.74 0.289546
0.76 0.330351
0.78 0.374179
0.8 0.4209
0.82 0.470354
0.84 0.522352
0.86 0.576682
0.88 0.633105
0.9 0.691362
0.92 0.751178
0.94 0.81226
0.96 0.874301
0.98 0.936988
1 1
