0 0
0.02 0.0069344
0.04 0.0137263
0.06 0.0202371
0.08 0.0263365
0.1 0.0319057
0.12 0.0368413
0.14 0.0410587
0.16 0.0444943
0.18 0.0471086
0.2 0.0488876
0.22 0.0498444
0.24 0.0500197
0.26 0.0494825
0.28 0.0483293
0.3 0.0466833
0.32 0.044693
0.34 0.0425304
0.36 0.0403882
0.38 0.038477
0.4 0.0370225
0.42 0.0362615
0.44 0.0364385
0.46 0.0378018
0.48 0.0405993
0.5 0.045075
0.52 0.0514647
0.54 0.0599926
0.56 0.0708673
0.58 0.0842793
0.6 0.100397
0.62 0.119365
0.64 0.141301
0.66 0.166294
0.68 0.194404
0.7 0.22566
0.72 0.260058
0.74 0.297565
0.76 0.338113
0.78 0.381606
0.8 0.427915
0.82 0.476887
0.84 0.528337
0.86 0.582057
0.88 0.637816
0.9 0.695363
0.92 0.754428
0.94 0.814726
0.96 0.875959
0.98 0.937821
1 1
