0 0
0.02 0.00657699
0.04 0.0130217
0.06 0.0192056
0.08 0.025008
0.1 0.0303189
0.12 0.0350434
0.14 0.0391037
0.16 0.0424425
0.18 0.0450249
0.2 0.0468404
0.22 0.0479042
0.24 0.0482574
0.26 0.0479683
0.28 0.0471308
0.3 0.0458647
0.32 0.0443134
0.34 0.0426427
0.36 0.041038
0.38 0.039702
0.4 0.0388514
0.42 0.0387136
0.44 0.0395233
0.46 0.0415186
0.48 0.0449377
0.5 0.0500146
0.52 0.0569755
0.54 0.0660355
0.56 0.0773951
0.58 0.0912368
0.6 0.107722
0.62 0.126991
0.64 0.149154
0.66 0.174299
0.68 0.202481
0.7 0.233729
0.72 0.268038
0.74 0.305374
0.76 0.345672
0.78 0.388838
0.8 0.434748
0.82 0.48325
0.84 0.534165
0.86 0.587292
0.88 0.642406
0.9 0.69926
0.92 0.757594
0.94 0.817128
0.96 0.877574
0.98 0.938633
1 1
