0 0
0.02 0.0062455
0.04 0.0123684
0.06 0.0182498
0.08 0.0237778
0.1 0.0288512
0.12 0.0333826
0.14 0.0373011
0.16 0.0405552
0.18 0.0431144
0.2 0.0449716
0.22 0.0461438
0.24 0.0466727
0.26 0.0466257
0.28 0.0460948
0.3 0.0451959
0.32 0.044068
0.34 0.0428709
0.36 0.0417832
0.38 0.0409999
0.4 0.0407292
0.42 0.0411897
0.44 0.0426065
0.46 0.0452086
0.48 0.0492241
0.5 0.0548778
0.52 0.0623869
0.54 0.0719577
0.56 0.0837826
0.58 0.0980367
0.6 0.114875
0.62 0.134431
0.64 0.156813
0.66 0.182102
0.68 0.210352
0.7 0.24159
0.72 0.27581
0.74 0.312979
0.76 0.353034
0.78 0.395882
0.8 0.441402
0.82 0.489447
0.84 0.539843
0.86 0.592392
0.88 0.646876
0.9 0.703057
0.92 0.760678
0.94 0.819469
0.96 0.879148
0.98 0.939424
1 1
