0 0
0.02 0.00593856
0.04 0.0117637
0.06 0.0173655
0.08 0.0226407
0.1 0.0274961
0.12 0.0318517
0.14 0.035643
0.16 0.0388238
0.18 0.0413682
0.2 0.0432719
0.22 0.0445539
0.24 0.0452565
0.26 0.0454461
0.28 0.0452128
0.3 0.0446693
0.32 0.0439499
0.34 0.0432091
0.36 0.0426188
0.38 0.0423669
0.4 0.0426534
0.42 0.0436883
0.44 0.0456882
0.46 0.0488725
0.48 0.0534605
0.5 0.0596678
0.52 0.0677029
0.54 0.0777638
0.56 0.0900351
0.58 0.104685
0.6 0.121862
0.62 0.141693
0.64 0.164283
0.66 0.189709
0.68 0.218024
0.7 0.24925
0.72 0.283382
0.74 0.320388
0.76 0.360205
0.78 0.402743
0.8 0.447884
0.82 0.495483
0.84 0.545372
0.86 0.59736
0.88 0.651231
0.9 0.706755
0.92 0.763682
0.94 0.821749
0.96 0.880681
0.98 0.940194
1 1
