0 0
0.02 0.00565488
0.04 0.011205
0.06 0.016549
0.08 0.0215918
0.1 0.0262478
0.12 0.0304438
0.14 0.0341216
0.16 0.0372402
0.18 0.0397775
0.2 0.0417325
0.22 0.0431256
0.24 0.0439999
0.26 0.0444211
0.28 0.0444771
0.3 0.0442776
0.32 0.0439527
0.34 0.0436517
0.36 0.0435403
0.38 0.0437994
0.4 0.0446214
0.42 0.0462083
0.44 0.0487679
0.46 0.0525113
0.48 0.0576488
0.5 0.0643875
0.52 0.0729273
0.54 0.0834585
0.56 0.0961579
0.58 0.111187
0.6 0.128688
0.62 0.148783
0.64 0.171572
0.66 0.197129
0.68 0.225503
0.7 0.256715
0.72 0.290761
0.74 0.327606
0.76 0.367191
0.78 0.409426
0.8 0.454197
0.82 0.501362
0.84 0.550758
0.86 0.602198
0.88 0.655473
0.9 0.710357
0.92 0.766609
0.94 0.82397
0.96 0.882174
0.98 0.940945
1 1
