0 0
0.02 0.00539321
0.04 0.0106899
0.06 0.0157968
0.08 0.0206264
0.1 0.0251006
0.12 0.0291526
0.14 0.03273
0.16 0.0357966
0.18 0.0383344
0.2 0.040345
0.22 0.0418507
0.24 0.0428949
0.26 0.0435426
0.28 0.04388
0.3 0.0440138
0.32 0.0440702
0.34 0.0441933
0.36 0.0445432
0.38 0.0452939
0.4 0.0466309
0.42 0.0487481
0.44 0.0518455
0.46 0.0561256
0.48 0.0617906
0.5 0.0690393
0.52 0.0780635
0.54 0.0890458
0.56 0.102156
0.58 0.117548
0.6 0.13536
0.62 0.155708
0.64 0.178686
0.66 0.204367
0.68 0.232795
0.7 0.263992
0.72 0.297952
0.74 0.33464
0.76 0.373997
0.78 0.415936
0.8 0.460346
0.82 0.507089
0.84 0.556005
0.86 0.606911
0.88 0.659605
0.9 0.713866
0.92 0.769459
0.94 0.826134
0.96 0.883629
0.98 0.941676
1 1
