0 0
0.02 0.00515239
0.04 0.0102161
0.06 0.0151054
0.08 0.0197402
0.1 0.0240492
0.12 0.0279718
0.14 0.0314612
0.16 0.0344857
0.18 0.0370311
0.2 0.0391016
0.22 0.0407211
0.24 0.0419334
0.26 0.0428031
0.28 0.0434144
0.3 0.0438715
0.32 0.0442965
0.34 0.0448289
0.36 0.0456232
0.38 0.0468472
0.4 0.0486794
0.42 0.0513064
0.44 0.0549204
0.46 0.0597161
0.48 0.0658876
0.5 0.0736257
0.52 0.0831148
0.54 0.0945298
0.56 0.108034
0.58 0.123775
0.6 0.141883
0.62 0.162472
0.64 0.185631
0.66 0.211429
0.68 0.239908
0.7 0.271088
0.72 0.304961
0.74 0.341494
0.76 0.380628
0.78 0.422279
0.8 0.466337
0.82 0.512668
0.84 0.561115
0.86 0.611501
0.88 0.663629
0.9 0.717284
0.92 0.772236
0.94 0.828241
0.96 0.885046
0.98 0.942388
1 1
