0 0
0.02 0.00493134
0.04 0.00978139
0.06 0.0144716
0.08 0.018929
0.1 0.0230885
0.12 0.0268957
0.14 0.0303088
0.16 0.0333006
0.18 0.0358603
0.2 0.0379948
0.22 0.0397293
0.24 0.0411082
0.26 0.0421954
0.28 0.0430736
0.3 0.0438442
0.32 0.0446259
0.34 0.0455534
0.36 0.0467762
0.38 0.048456
0.4 0.0507646
0.42 0.0538818
0.44 0.0579923
0.46 0.0632832
0.48 0.069941
0.5 0.078149
0.52 0.0880841
0.54 0.0999142
0.56 0.113795
0.58 0.12987
0.6 0.148263
0.62 0.169082
0.64 0.192414
0.66 0.218321
0.68 0.246847
0.7 0.278007
0.72 0.311794
0.74 0.348175
0.76 0.387091
0.78 0.42846
0.8 0.472174
0.82 0.518103
0.84 0.566093
0.86 0.615973
0.88 0.66755
0.9 0.720614
0.92 0.774941
0.94 0.830294
0.96 0.886426
0.98 0.943081
1 1
