0 0
0.02 0.112048
0.04 0.221443
0.06 0.325598
0.08 0.422046
0.1 0.508504
0.12 0.582927
0.14 0.643552
0.16 0.688945
0.18 0.718031
0.2 0.730122
0.22 0.724932
0.24 0.702583
0.26 0.663605
0.28 0.60892
0.3 0.539823
0.32 0.457948
0.34 0.365234
0.36 0.263876
0.38 0.156271
0.4 0.0449683
0.42 -0.0673991
0.44 -0.178171
0.46 -0.284726
0.48 -0.384542
0.5 -0.475256
0.52 -0.554721
0.54 -0.621056
0.56 -0.672691
0.58 -0.708403
0.6 -0.727346
0.62 -0.72907
0.64 -0.713528
0.66 -0.681082
0.68 -0.632482
0.7 -0.568853
0.72 -0.491652
0.74 -0.402622
0.76 -0.303735
0.78 -0.197117
0.8 -0.0849602
0.82 0.0305703
0.84 0.147442
0.86 0.263857
0.88 0.378357
0.9 0.489899
0.92 0.597915
0.94 0.702337
0.96 0.803567
0.98 0.902418
1 1
