0 0
0.02 0.004729
0.04 0.00938372
0.06 0.0138925
0.08 0.0181888
0.1 0.0222139
0.12 0.0259188
0.14 0.0292667
0.16 0.0322347
0.18 0.0348152
0.2 0.0370174
0.22 0.0388681
0.24 0.0404121
0.26 0.0417127
0.28 0.0428511
0.3 0.043926
0.32 0.0450529
0.34 0.0463622
0.36 0.0479983
0.38 0.0501171
0.4 0.0528844
0.42 0.056473
0.44 0.0610607
0.46 0.0668274
0.48 0.0739522
0.5 0.0826113
0.52 0.0929743
0.54 0.105202
0.56 0.119445
0.58 0.13584
0.6 0.154505
0.62 0.175544
0.64 0.199038
0.66 0.22505
0.68 0.253617
0.7 0.284756
0.72 0.318457
0.74 0.354687
0.76 0.39339
0.78 0.434483
0.8 0.477861
0.82 0.523398
0.84 0.570944
0.86 0.62033
0.88 0.671369
0.9 0.723857
0.92 0.777575
0.94 0.832293
0.96 0.88777
0.98 0.943757
1 1
