0 0
0.02 0.00454441
0.04 0.00902117
0.06 0.0133651
0.08 0.017516
0.1 0.0214208
0.12 0.025036
0.14 0.0283293
0.16 0.0312818
0.18 0.0338891
0.2 0.0361627
0.22 0.0381307
0.24 0.0398384
0.26 0.0413484
0.28 0.0427406
0.3 0.0441112
0.32 0.0455725
0.34 0.0472508
0.36 0.0492856
0.38 0.0518276
0.4 0.0550364
0.42 0.0590785
0.44 0.0641251
0.46 0.0703489
0.48 0.0779224
0.5 0.0870144
0.52 0.097788
0.54 0.110398
0.56 0.124988
0.58 0.141687
0.6 0.160613
0.62 0.181861
0.64 0.205511
0.66 0.23162
0.68 0.260225
0.7 0.29134
0.72 0.324955
0.74 0.361037
0.76 0.39953
0.78 0.440353
0.8 0.483403
0.82 0.528557
0.84 0.575669
0.86 0.624574
0.88 0.675089
0.9 0.727016
0.92 0.780142
0.94 0.834241
0.96 0.88908
0.98 0.944415
1 1
