0 0
0.02 0.00437663
0.04 0.0086919
0.06 0.0128868
0.08 0.016907
0.1 0.020705
0.12 0.0242422
0.14 0.027491
0.16 0.030436
0.18 0.033076
0.2 0.0354244
0.22 0.0375107
0.24 0.0393807
0.26 0.0410964
0.28 0.0427363
0.3 0.0443944
0.32 0.0461797
0.34 0.0482148
0.36 0.0506346
0.38 0.0535845
0.4 0.0572186
0.42 0.0616972
0.44 0.067185
0.46 0.0738482
0.48 0.0818525
0.5 0.0913602
0.52 0.102528
0.54 0.115504
0.56 0.130425
0.58 0.147418
0.6 0.166592
0.62 0.188039
0.64 0.211836
0.66 0.238037
0.68 0.266676
0.7 0.297765
0.72 0.331294
0.74 0.367229
0.76 0.405516
0.78 0.446074
0.8 0.488805
0.82 0.533585
0.84 0.580274
0.86 0.628709
0.88 0.678714
0.9 0.730094
0.92 0.782642
0.94 0.836139
0.96 0.890355
0.98 0.945056
1 1
