0 0
0.02 0.00422478
0.04 0.00839415
0.06 0.012455
0.08 0.0163585
0.1 0.0200624
0.12 0.023533
0.14 0.0267467
0.16 0.0296918
0.18 0.0323698
0.2 0.0347963
0.22 0.037002
0.24 0.039033
0.26 0.0409508
0.28 0.0428326
0.3 0.0447702
0.32 0.0468697
0.34 0.04925
0.36 0.0520416
0.38 0.055385
0.4 0.0594288
0.42 0.0643276
0.44 0.0702398
0.46 0.0773254
0.48 0.0857436
0.5 0.0956503
0.52 0.107196
0.54 0.120523
0.56 0.135762
0.58 0.153035
0.6 0.172446
0.62 0.194083
0.64 0.218019
0.66 0.244306
0.68 0.272974
0.7 0.304035
0.72 0.337478
0.74 0.373269
0.76 0.411353
0.78 0.451653
0.8 0.49407
0.82 0.538485
0.84 0.584761
0.86 0.632739
0.88 0.682246
0.9 0.733093
0.92 0.785078
0.94 0.837987
0.96 0.891598
0.98 0.945681
1 1
