0 0
0.02 0.00408802
0.04 0.0081263
0.06 0.0120672
0.08 0.0158672
0.1 0.0194892
0.12 0.0229037
0.14 0.0260914
0.16 0.0290438
0.18 0.031765
0.2 0.0342727
0.22 0.0365987
0.24 0.0387894
0.26 0.040906
0.28 0.0430242
0.3 0.0452338
0.32 0.0476381
0.34 0.0503525
0.36 0.0535034
0.38 0.0572265
0.4 0.0616652
0.42 0.0669685
0.44 0.073289
0.46 0.0807806
0.48 0.0895965
0.5 0.0998864
0.52 0.111795
0.54 0.125458
0.56 0.141002
0.58 0.158542
0.6 0.178179
0.62 0.199998
0.64 0.224065
0.66 0.250432
0.68 0.279126
0.7 0.310157
0.72 0.343513
0.74 0.379161
0.76 0.417046
0.78 0.457092
0.8 0.499203
0.82 0.543262
0.84 0.589134
0.86 0.636665
0.88 0.685687
0.9 0.736015
0.92 0.787451
0.94 0.839789
0.96 0.892809
0.98 0.946289
1 1
