0 0
0.02 0.00396558
0.04 0.00788677
0.06 0.0117212
0.08 0.0154304
0.1 0.0189818
0.12 0.0223504
0.14 0.0255205
0.16 0.0284869
0.18 0.0312563
0.2 0.0338482
0.22 0.0362953
0.24 0.0386446
0.26 0.0409566
0.28 0.0433059
0.3 0.0457804
0.32 0.0484806
0.34 0.0515186
0.36 0.0550167
0.38 0.0591063
0.4 0.0639257
0.42 0.0696186
0.44 0.076332
0.46 0.0842141
0.48 0.0934121
0.5 0.10407
0.52 0.116326
0.54 0.130311
0.56 0.146147
0.58 0.163944
0.6 0.183796
0.62 0.205787
0.64 0.229979
0.66 0.256419
0.68 0.285134
0.7 0.316133
0.72 0.349403
0.74 0.384909
0.76 0.422598
0.78 0.462396
0.8 0.504207
0.82 0.547918
0.84 0.593396
0.86 0.640493
0.88 0.689041
0.9 0.738862
0.92 0.789764
0.94 0.841544
0.96 0.893989
0.98 0.946882
1 1
