0 0
0.02 0.00385671
0.04 0.00767409
0.06 0.0114147
0.08 0.015045
0.1 0.0185367
0.12 0.021869
0.14 0.0250296
0.16 0.0280165
0.18 0.0308387
0.2 0.0335175
0.22 0.0360866
0.24 0.0385932
0.26 0.0410975
0.28 0.043673
0.3 0.0464056
0.32 0.0493931
0.34 0.0527446
0.36 0.0565785
0.38 0.0610219
0.4 0.0662084
0.42 0.0722767
0.44 0.0793683
0.46 0.0876259
0.48 0.097191
0.5 0.108202
0.52 0.120792
0.54 0.135086
0.56 0.151201
0.58 0.169242
0.6 0.189301
0.62 0.211454
0.64 0.235763
0.66 0.262272
0.68 0.291006
0.7 0.32197
0.72 0.355153
0.74 0.390519
0.76 0.428016
0.78 0.46757
0.8 0.509087
0.82 0.552458
0.84 0.597552
0.86 0.644223
0.88 0.69231
0.9 0.741637
0.92 0.792018
0.94 0.843254
0.96 0.895139
0.98 0.94746
1 1
