0 0
0.02 0.00376068
0.04 0.00748686
0.06 0.0111458
0.08 0.0147084
0.1 0.0181507
0.12 0.0214557
0.14 0.0246145
0.16 0.027628
0.18 0.0305074
0.2 0.0332756
0.22 0.0359675
0.24 0.0386303
0.26 0.041324
0.28 0.0441208
0.3 0.0471049
0.32 0.0503716
0.34 0.0540269
0.36 0.0581857
0.38 0.0629709
0.4 0.0685116
0.42 0.0749416
0.44 0.0823973
0.46 0.091016
0.48 0.100934
0.5 0.112284
0.52 0.125194
0.54 0.139785
0.56 0.156167
0.58 0.174441
0.6 0.194696
0.62 0.217004
0.64 0.241423
0.66 0.267995
0.68 0.296743
0.7 0.327672
0.72 0.360767
0.74 0.395994
0.76 0.433302
0.78 0.472616
0.8 0.513847
0.82 0.556885
0.84 0.601603
0.86 0.64786
0.88 0.695496
0.9 0.744342
0.92 0.794214
0.94 0.84492
0.96 0.896259
0.98 0.948023
1 1
