0 0
0.02 0.00367684
0.04 0.00732374
0.06 0.0109124
0.08 0.0144181
0.1 0.0178207
0.12 0.021107
0.14 0.0242713
0.16 0.0273171
0.18 0.0302579
0.2 0.033118
0.22 0.0359333
0.24 0.0387513
0.26 0.0416315
0.28 0.044645
0.3 0.0478742
0.32 0.0514124
0.34 0.0553623
0.36 0.0598356
0.38 0.064951
0.4 0.0708335
0.42 0.0776121
0.44 0.0854184
0.46 0.0943846
0.48 0.104642
0.5 0.116317
0.52 0.129535
0.54 0.144409
0.56 0.161047
0.58 0.179544
0.6 0.199985
0.62 0.22244
0.64 0.246963
0.66 0.273593
0.68 0.302352
0.7 0.333242
0.72 0.36625
0.74 0.40134
0.76 0.438461
0.78 0.47754
0.8 0.51849
0.82 0.561202
0.84 0.605554
0.86 0.651405
0.88 0.698602
0.9 0.746979
0.92 0.796355
0.94 0.846545
0.96 0.897351
0.98 0.948571
1 1
