0 0
0.02 0.00360455
0.04 0.00718347
0.06 0.0107127
0.08 0.0141715
0.1 0.0175438
0.12 0.0208195
0.14 0.0239961
0.16 0.0270797
0.18 0.0300857
0.2 0.0330401
0.22 0.0359794
0.24 0.0389515
0.26 0.0420154
0.28 0.0452412
0.3 0.0487097
0.32 0.0525119
0.34 0.0567476
0.36 0.0615253
0.38 0.06696
0.4 0.0731724
0.42 0.0802871
0.44 0.088431
0.46 0.0977315
0.48 0.108315
0.5 0.120303
0.52 0.133815
0.54 0.148961
0.56 0.165843
0.58 0.184554
0.6 0.205172
0.62 0.227766
0.64 0.252387
0.66 0.27907
0.68 0.307836
0.7 0.338686
0.72 0.371605
0.74 0.406559
0.76 0.443496
0.78 0.482345
0.8 0.52302
0.82 0.565414
0.84 0.609407
0.86 0.654863
0.88 0.701631
0.9 0.749549
0.92 0.798443
0.94 0.848128
0.96 0.898415
0.98 0.949106
1 1
