0 0
0.02 0.105356
0.04 0.208218
0.06 0.306152
0.08 0.396839
0.1 0.478134
0.12 0.548112
0.14 0.605116
0.16 0.647798
0.18 0.675147
0.2 0.686516
0.22 0.681636
0.24 0.660622
0.26 0.623972
0.28 0.572553
0.3 0.507582
0.32 0.430597
0.34 0.343421
0.36 0.248116
0.38 0.146938
0.4 0.0422826
0.42 -0.0633737
0.44 -0.16753
0.46 -0.267721
0.48 -0.361575
0.5 -0.446871
0.52 -0.52159
0.54 -0.583962
0.56 -0.63251
0.58 -0.666084
0.6 -0.683886
0.62 -0.685488
0.64 -0.670841
0.66 -0.640274
0.68 -0.594475
0.7 -0.534477
0.72 -0.461611
0.74 -0.377466
0.76 -0.283826
0.78 -0.1826
0.8 -0.0757428
0.82 0.0348302
0.84 0.147335
0.86 0.260202
0.88 0.372158
0.9 0.482279
0.92 0.590034
0.94 0.695293
0.96 0.798296
0.98 0.899602
1 1
