0 0
0.02 0.0035432
0.04 0.00706486
0.06 0.010545
0.08 0.0139666
0.1 0.0173171
0.12 0.02059
0.14 0.0237854
0.16 0.0269119
0.18 0.0299869
0.2 0.0330376
0.22 0.0361016
0.24 0.0392267
0.26 0.0424717
0.28 0.0459056
0.3 0.0496077
0.32 0.0536666
0.34 0.0581798
0.36 0.0632523
0.38 0.0689957
0.4 0.0755267
0.42 0.0829655
0.44 0.0914347
0.46 0.101057
0.48 0.111953
0.5 0.124242
0.52 0.138037
0.54 0.153443
0.56 0.170559
0.58 0.189473
0.6 0.21026
0.62 0.232986
0.64 0.257697
0.66 0.284429
0.68 0.313198
0.7 0.344007
0.72 0.376838
0.74 0.411657
0.76 0.448412
0.78 0.487035
0.8 0.52744
0.82 0.569522
0.84 0.613165
0.86 0.658235
0.88 0.704584
0.9 0.752055
0.92 0.800478
0.94 0.849672
0.96 0.899453
0.98 0.949628
1 1
