0 0
0.02 0.00349222
0.04 0.00696677
0.06 0.0104075
0.08 0.0138009
0.1 0.0171381
0.12 0.0204153
0.14 0.0236357
0.16 0.02681
0.18 0.0299575
0.2 0.0331067
0.22 0.0362957
0.24 0.0395728
0.26 0.0429963
0.28 0.0466343
0.3 0.0505644
0.32 0.0548733
0.34 0.0596559
0.36 0.0650141
0.38 0.071056
0.4 0.0778947
0.42 0.0856463
0.44 0.0944288
0.46 0.104361
0.48 0.115558
0.5 0.128136
0.52 0.142201
0.54 0.157857
0.56 0.175196
0.58 0.194304
0.6 0.215252
0.62 0.238102
0.64 0.262898
0.66 0.289674
0.68 0.318444
0.7 0.349209
0.72 0.381951
0.74 0.416636
0.76 0.453213
0.78 0.491614
0.8 0.531753
0.82 0.573531
0.84 0.616831
0.86 0.661524
0.88 0.707465
0.9 0.754499
0.92 0.802462
0.94 0.851178
0.96 0.900465
0.98 0.950136
1 1
