0 0
0.02 0.00345105
0.04 0.00688812
0.06 0.0102986
0.08 0.0136726
0.1 0.0170042
0.12 0.0202927
0.14 0.0235439
0.16 0.0267706
0.18 0.0299938
0.2 0.0332433
0.22 0.0365579
0.24 0.039986
0.26 0.0435855
0.28 0.0474236
0.3 0.0515765
0.32 0.0561289
0.34 0.0611731
0.36 0.0668082
0.38 0.0731391
0.4 0.080275
0.42 0.0883283
0.44 0.0974129
0.46 0.107643
0.48 0.11913
0.5 0.131984
0.52 0.14631
0.54 0.162204
0.56 0.179757
0.58 0.19905
0.6 0.220151
0.62 0.243117
0.64 0.267993
0.66 0.294808
0.68 0.323576
0.7 0.354295
0.72 0.386948
0.74 0.4215
0.76 0.457901
0.78 0.496084
0.8 0.535964
0.82 0.577443
0.84 0.620409
0.86 0.664732
0.88 0.710274
0.9 0.756883
0.92 0.804397
0.94 0.852645
0.96 0.901451
0.98 0.950632
1 1
