0 0
0.02 0.0034192
0.04 0.00682789
0.06 0.0102169
0.08 0.0135795
0.1 0.016913
0.12 0.0202194
0.14 0.0235068
0.16 0.0267903
0.18 0.0300923
0.2 0.0334438
0.22 0.0368844
0.24 0.0404625
0.26 0.0442357
0.28 0.0482702
0.3 0.0526408
0.32 0.0574303
0.34 0.0627287
0.36 0.0686324
0.38 0.075243
0.4 0.0826662
0.42 0.0910106
0.44 0.100386
0.46 0.110903
0.48 0.122669
0.5 0.135789
0.52 0.150364
0.54 0.166487
0.56 0.184245
0.58 0.203713
0.6 0.224959
0.62 0.248036
0.64 0.272986
0.66 0.299836
0.68 0.328598
0.7 0.35927
0.72 0.391834
0.74 0.426254
0.76 0.462481
0.78 0.500449
0.8 0.540075
0.82 0.581262
0.84 0.6239
0.86 0.667863
0.88 0.713015
0.9 0.759209
0.92 0.806285
0.94 0.854077
0.96 0.902413
0.98 0.951115
1 1
