0 0
0.02 0.00339616
0.04 0.0067851
0.06 0.0101609
0.08 0.0135199
0.1 0.0168623
0.12 0.0201927
0.14 0.0235216
0.16 0.0268658
0.18 0.0302496
0.2 0.0337048
0.22 0.0372717
0.24 0.0409988
0.26 0.0449433
0.28 0.0491706
0.3 0.0537541
0.32 0.0587748
0.34 0.0643203
0.36 0.0704845
0.38 0.0773658
0.4 0.0850667
0.42 0.0936923
0.44 0.103349
0.46 0.114142
0.48 0.126176
0.5 0.139551
0.52 0.154365
0.54 0.170707
0.56 0.18866
0.58 0.208296
0.6 0.229679
0.62 0.252861
0.64 0.277879
0.66 0.304759
0.68 0.333513
0.7 0.364137
0.72 0.396611
0.74 0.4309
0.76 0.466956
0.78 0.504713
0.8 0.544089
0.82 0.58499
0.84 0.627307
0.86 0.670918
0.88 0.71569
0.9 0.761477
0.92 0.808126
0.94 0.855474
0.96 0.903352
0.98 0.951586
1 1
