0 0
0.02 0.00338146
0.04 0.00675883
0.06 0.0101292
0.08 0.0134919
0.1 0.0168498
0.12 0.0202101
0.14 0.0235853
0.16 0.0269943
0.18 0.0304625
0.2 0.0340229
0.22 0.0377164
0.24 0.0415915
0.26 0.0457051
0.28 0.0501217
0.3 0.0549135
0.32 0.0601595
0.34 0.0659454
0.36 0.0723623
0.38 0.0795059
0.4 0.0874754
0.42 0.0963724
0.44 0.106299
0.46 0.117358
0.48 0.12965
0.5 0.143271
0.52 0.158314
0.54 0.174866
0.56 0.193005
0.58 0.212801
0.6 0.234315
0.62 0.257594
0.64 0.282675
0.66 0.309583
0.68 0.338325
0.7 0.368898
0.72 0.401282
0.74 0.435443
0.76 0.471329
0.78 0.508878
0.8 0.548009
0.82 0.58863
0.84 0.630633
0.86 0.6739
0.88 0.7183
0.9 0.763691
0.92 0.809923
0.94 0.856836
0.96 0.904268
0.98 0.952046
1 1
