0 0
0.02 0.00337466
0.04 0.00674819
0.06 0.0101206
0.08 0.0134939
0.1 0.0168736
0.12 0.0202693
0.14 0.0236955
0.16 0.0271727
0.18 0.030728
0.2 0.0343951
0.22 0.0382153
0.24 0.0422375
0.26 0.046518
0.28 0.0511206
0.3 0.0561161
0.32 0.0615819
0.34 0.0676016
0.36 0.0742639
0.38 0.0816616
0.4 0.0898909
0.42 0.09905
0.44 0.109238
0.46 0.120553
0.48 0.133093
0.5 0.14695
0.52 0.162213
0.54 0.178965
0.56 0.197282
0.58 0.21723
0.6 0.238867
0.62 0.262238
0.64 0.287378
0.66 0.314309
0.68 0.343037
0.7 0.373559
0.72 0.405852
0.74 0.439884
0.76 0.475604
0.78 0.512948
0.8 0.551839
0.82 0.592185
0.84 0.633881
0.86 0.676812
0.88 0.720848
0.9 0.765852
0.92 0.811676
0.94 0.858166
0.96 0.905161
0.98 0.952495
1 1
