0 0
0.02 0.00337534
0.04 0.00675235
0.06 0.0101337
0.08 0.0135242
0.1 0.0169317
0.12 0.020368
0.14 0.0238495
0.16 0.0273985
0.18 0.0310431
0.2 0.0348182
0.22 0.0387654
0.24 0.0429337
0.26 0.047379
0.28 0.0521643
0.3 0.0573592
0.32 0.0630395
0.34 0.0692868
0.36 0.0761873
0.38 0.0838312
0.4 0.0923119
0.42 0.101724
0.44 0.112164
0.46 0.123726
0.48 0.136504
0.5 0.150587
0.52 0.166062
0.54 0.183006
0.56 0.201493
0.58 0.221586
0.6 0.243339
0.62 0.266797
0.64 0.29199
0.66 0.31894
0.68 0.347652
0.7 0.378121
0.72 0.410324
0.74 0.444227
0.76 0.479782
0.78 0.516925
0.8 0.55558
0.82 0.595657
0.84 0.637053
0.86 0.679654
0.88 0.723335
0.9 0.76796
0.92 0.813387
0.94 0.859464
0.96 0.906033
0.98 0.952933
1 1
