0 0
0.02 0.0033831
0.04 0.00677052
0.06 0.0101675
0.08 0.0135814
0.1 0.0170223
0.12 0.020504
0.14 0.024045
0.16 0.0276689
0.18 0.0314052
0.2 0.0352894
0.22 0.0393637
0.24 0.0436771
0.26 0.0482852
0.28 0.0532501
0.3 0.0586402
0.32 0.0645299
0.34 0.0709987
0.36 0.0781306
0.38 0.0860133
0.4 0.0947372
0.42 0.104394
0.44 0.115077
0.46 0.126877
0.48 0.139884
0.5 0.154185
0.52 0.169862
0.54 0.18699
0.56 0.205639
0.58 0.225869
0.6 0.247733
0.62 0.271272
0.64 0.296514
0.66 0.32348
0.68 0.352173
0.7 0.382587
0.72 0.414699
0.74 0.448476
0.76 0.483868
0.78 0.520813
0.8 0.559237
0.82 0.599049
0.84 0.640151
0.86 0.68243
0.88 0.725763
0.9 0.770019
0.92 0.815058
0.94 0.86073
0.96 0.906884
0.98 0.953361
1 1
