0 0
0.02 0.00339756
0.04 0.00680193
0.06 0.0102208
0.08 0.0136639
0.1 0.0171435
0.12 0.0206753
0.14 0.0242797
0.16 0.0279816
0.18 0.0318115
0.2 0.035806
0.22 0.0400075
0.24 0.0444651
0.26 0.0492339
0.28 0.0543753
0.3 0.0599567
0.32 0.0660509
0.34 0.0727354
0.36 0.0800922
0.38 0.0882065
0.4 0.0971658
0.42 0.107059
0.44 0.117977
0.46 0.130006
0.48 0.143234
0.5 0.157744
0.52 0.173614
0.54 0.190918
0.56 0.209722
0.58 0.230083
0.6 0.252051
0.62 0.275665
0.64 0.300953
0.66 0.327931
0.68 0.356603
0.7 0.386961
0.72 0.418982
0.74 0.452633
0.76 0.487864
0.78 0.524615
0.8 0.56281
0.82 0.602364
0.84 0.643178
0.86 0.685141
0.88 0.728135
0.9 0.77203
0.92 0.816689
0.94 0.861967
0.96 0.907715
0.98 0.953778
1 1
