0 0
0.02 0.0990635
0.04 0.195782
0.06 0.287867
0.08 0.373138
0.1 0.449578
0.12 0.515376
0.14 0.568976
0.16 0.609109
0.18 0.634824
0.2 0.645514
0.22 0.640926
0.24 0.621167
0.26 0.586706
0.28 0.538358
0.3 0.477267
0.32 0.40488
0.34 0.32291
0.36 0.233297
0.38 0.138162
0.4 0.0397574
0.42 -0.0595887
0.44 -0.157524
0.46 -0.251731
0.48 -0.339979
0.5 -0.42018
0.52 -0.490434
0.54 -0.549077
0.56 -0.594719
0.58 -0.626274
0.6 -0.642989
0.62 -0.644455
0.64 -0.630615
0.66 -0.601762
0.68 -0.558522
0.7 -0.501831
0.72 -0.4329
0.74 -0.353164
0.76 -0.264231
0.78 -0.167813
0.8 -0.0656519
0.82 0.0405506
0.84 0.149214
0.86 0.258949
0.88 0.368617
0.9 0.477375
0.92 0.584704
0.94 0.690409
0.96 0.794594
0.98 0.897612
1 1
