0 0
0.02 0.00341835
0.04 0.00684587
0.06 0.0102926
0.08 0.0137704
0.1 0.0172936
0.12 0.02088
0.14 0.0245514
0.16 0.028334
0.18 0.0322597
0.2 0.0363654
0.22 0.0406942
0.24 0.0452949
0.26 0.0502225
0.28 0.0555376
0.3 0.0613064
0.32 0.0676002
0.34 0.0744949
0.36 0.0820703
0.38 0.0904092
0.4 0.0995966
0.42 0.109719
0.44 0.120862
0.46 0.133113
0.48 0.146553
0.5 0.161264
0.52 0.17732
0.54 0.194792
0.56 0.213743
0.58 0.234229
0.6 0.256296
0.62 0.27998
0.64 0.305308
0.66 0.332295
0.68 0.360944
0.7 0.391244
0.72 0.423175
0.74 0.456701
0.76 0.491773
0.78 0.528332
0.8 0.566304
0.82 0.605604
0.84 0.646135
0.86 0.68779
0.88 0.730452
0.9 0.773994
0.92 0.818281
0.94 0.863174
0.96 0.908526
0.98 0.954186
1 1
