0 0
0.02 0.00344512
0.04 0.00690165
0.06 0.0103818
0.08 0.0138996
0.1 0.0174712
0.12 0.0211162
0.14 0.024858
0.16 0.0287241
0.18 0.0327472
0.2 0.0369651
0.22 0.0414211
0.24 0.0461641
0.26 0.0512485
0.28 0.0567344
0.3 0.0626869
0.32 0.0691758
0.34 0.0762754
0.36 0.0840633
0.38 0.0926201
0.4 0.102028
0.42 0.112372
0.44 0.123734
0.46 0.136197
0.48 0.149842
0.5 0.164745
0.52 0.18098
0.54 0.198613
0.56 0.217705
0.58 0.238309
0.6 0.260468
0.62 0.284218
0.64 0.309583
0.66 0.336576
0.68 0.365199
0.7 0.395441
0.72 0.427281
0.74 0.460682
0.76 0.495598
0.78 0.531968
0.8 0.56972
0.82 0.608771
0.84 0.649025
0.86 0.690378
0.88 0.732715
0.9 0.775912
0.92 0.819837
0.94 0.864353
0.96 0.909318
0.98 0.954583
1 1
