0 0
0.02 0.00347755
0.04 0.00696861
0.06 0.0104875
0.08 0.0140501
0.1 0.0176746
0.12 0.0213822
0.14 0.0251975
0.16 0.0291496
0.18 0.0332719
0.2 0.0376028
0.22 0.0421859
0.24 0.0470702
0.26 0.0523096
0.28 0.0579636
0.3 0.0640961
0.32 0.0707758
0.34 0.078075
0.36 0.0860696
0.38 0.0948381
0.4 0.10446
0.42 0.115018
0.44 0.126591
0.46 0.139259
0.48 0.153101
0.5 0.168189
0.52 0.184595
0.54 0.202382
0.56 0.221608
0.58 0.242324
0.6 0.264571
0.62 0.288382
0.64 0.313779
0.66 0.340775
0.68 0.369371
0.7 0.399554
0.72 0.431302
0.74 0.46458
0.76 0.49934
0.78 0.535524
0.8 0.573061
0.82 0.611867
0.84 0.651851
0.86 0.692908
0.88 0.734927
0.9 0.777786
0.92 0.821357
0.94 0.865505
0.96 0.910092
0.98 0.954972
1 1
