0 0
0.02 0.00351532
0.04 0.00704615
0.06 0.0106088
0.08 0.0142209
0.1 0.0179025
0.12 0.0216762
0.14 0.0255682
0.16 0.0296085
0.18 0.0338315
0.2 0.0382761
0.22 0.0429863
0.24 0.0480109
0.26 0.0534036
0.28 0.0592229
0.3 0.065532
0.32 0.0723981
0.34 0.0798921
0.36 0.0880879
0.38 0.0970618
0.4 0.106892
0.42 0.117656
0.44 0.129433
0.46 0.142299
0.48 0.15633
0.5 0.171597
0.52 0.188166
0.54 0.2061
0.56 0.225454
0.58 0.246276
0.6 0.268605
0.62 0.292473
0.64 0.3179
0.66 0.344896
0.68 0.373461
0.7 0.403584
0.72 0.435241
0.74 0.468396
0.76 0.503004
0.78 0.539004
0.8 0.576328
0.82 0.614895
0.84 0.654613
0.86 0.69538
0.88 0.737088
0.9 0.779617
0.92 0.822842
0.94 0.866631
0.96 0.910848
0.98 0.955352
1 1
