0 0
0.02 0.00355813
0.04 0.00713366
0.06 0.0107447
0.08 0.0144108
0.1 0.0181533
0.12 0.0219967
0.14 0.0259682
0.16 0.0300989
0.18 0.034424
0.2 0.0389831
0.22 0.0438202
0.24 0.0489841
0.26 0.0545282
0.28 0.0605104
0.3 0.0669927
0.32 0.0740412
0.34 0.0817251
0.36 0.0901167
0.38 0.0992901
0.4 0.109321
0.42 0.120285
0.44 0.132259
0.46 0.145317
0.48 0.15953
0.5 0.174968
0.52 0.191694
0.54 0.209769
0.56 0.229245
0.58 0.250167
0.6 0.272574
0.62 0.296494
0.64 0.321946
0.66 0.34894
0.68 0.377473
0.7 0.407535
0.72 0.4391
0.74 0.472134
0.76 0.50659
0.78 0.54241
0.8 0.579526
0.82 0.617857
0.84 0.657314
0.86 0.697798
0.88 0.739201
0.9 0.781407
0.92 0.824293
0.94 0.867731
0.96 0.911586
0.98 0.955723
1 1
