0 0
0.02 0.0036057
0.04 0.00723059
0.06 0.0108945
0.08 0.0146186
0.1 0.0184259
0.12 0.0223421
0.14 0.0263957
0.16 0.0306189
0.18 0.0350475
0.2 0.0397215
0.22 0.0446854
0.24 0.0499877
0.26 0.0556814
0.28 0.0618239
0.3 0.0684762
0.32 0.0757031
0.34 0.0835725
0.36 0.0921546
0.38 0.101522
0.4 0.111748
0.42 0.122906
0.44 0.13507
0.46 0.148312
0.48 0.1627
0.5 0.178302
0.52 0.19518
0.54 0.213389
0.56 0.232981
0.58 0.253999
0.6 0.276478
0.62 0.300446
0.64 0.32592
0.66 0.352909
0.68 0.381409
0.7 0.411408
0.72 0.442882
0.74 0.475795
0.76 0.510102
0.78 0.545744
0.8 0.582654
0.82 0.620754
0.84 0.659956
0.86 0.700162
0.88 0.741266
0.9 0.783156
0.92 0.825711
0.94 0.868806
0.96 0.912308
0.98 0.956085
1 1
