0 0
0.02 0.00365831
0.04 0.00733749
0.06 0.011059
0.08 0.0148457
0.1 0.018722
0.12 0.0227148
0.14 0.0268539
0.16 0.0311723
0.18 0.0357067
0.2 0.0404974
0.22 0.045589
0.24 0.0510301
0.26 0.0568733
0.28 0.0631752
0.3 0.069996
0.32 0.0773993
0.34 0.0854513
0.36 0.0942209
0.38 0.103778
0.4 0.114195
0.42 0.125543
0.44 0.137893
0.46 0.151314
0.48 0.165873
0.5 0.181635
0.52 0.198658
0.54 0.216997
0.56 0.2367
0.58 0.257809
0.6 0.280357
0.62 0.30437
0.64 0.329863
0.66 0.356844
0.68 0.385309
0.7 0.415245
0.72 0.446626
0.74 0.479418
0.76 0.513575
0.78 0.54904
0.8 0.585746
0.82 0.623617
0.84 0.662566
0.86 0.702497
0.88 0.743306
0.9 0.784884
0.92 0.827112
0.94 0.869867
0.96 0.913021
0.98 0.956443
1 1
