0 0
0.02 0.00371465
0.04 0.00745174
0.06 0.0112343
0.08 0.0150866
0.1 0.0190344
0.12 0.023106
0.14 0.0273321
0.16 0.0317466
0.18 0.0363867
0.2 0.0412934
0.22 0.0465113
0.24 0.0520888
0.26 0.0580783
0.28 0.0645357
0.3 0.0715203
0.32 0.0790944
0.34 0.0873231
0.36 0.0962735
0.38 0.106014
0.4 0.116614
0.42 0.128144
0.44 0.140671
0.46 0.154264
0.48 0.168986
0.5 0.184899
0.52 0.20206
0.54 0.220522
0.56 0.240331
0.58 0.261525
0.6 0.284136
0.62 0.30819
0.64 0.333699
0.66 0.36067
0.68 0.389098
0.7 0.41897
0.72 0.45026
0.74 0.482933
0.76 0.516943
0.78 0.552235
0.8 0.588743
0.82 0.626391
0.84 0.665094
0.86 0.704758
0.88 0.745282
0.9 0.786557
0.92 0.828468
0.94 0.870894
0.96 0.913711
0.98 0.956789
1 1
