0 0
0.02 0.00377496
0.04 0.00757386
0.06 0.0114212
0.08 0.0153425
0.1 0.019365
0.12 0.023518
0.14 0.0278332
0.16 0.0323454
0.18 0.0370924
0.2 0.0421154
0.22 0.0474592
0.24 0.0531722
0.26 0.0593064
0.28 0.0659169
0.3 0.0730623
0.32 0.0808037
0.34 0.089205
0.36 0.0983315
0.38 0.10825
0.4 0.119029
0.42 0.130734
0.44 0.143433
0.46 0.157191
0.48 0.17207
0.5 0.188129
0.52 0.205423
0.54 0.224002
0.56 0.24391
0.58 0.265185
0.6 0.287856
0.62 0.311946
0.64 0.337468
0.66 0.364427
0.68 0.392817
0.7 0.422624
0.72 0.453823
0.74 0.486377
0.76 0.520243
0.78 0.555365
0.8 0.591678
0.82 0.629106
0.84 0.667568
0.86 0.70697
0.88 0.747214
0.9 0.788193
0.92 0.829793
0.94 0.871898
0.96 0.914385
0.98 0.957128
1 1
