0 0
0.02 0.00383903
0.04 0.0077034
0.06 0.0116189
0.08 0.0156125
0.1 0.0197126
0.12 0.0239495
0.14 0.0283559
0.16 0.0329672
0.18 0.0378219
0.2 0.0429616
0.22 0.0484311
0.24 0.0542786
0.26 0.0605558
0.28 0.0673172
0.3 0.0746205
0.32 0.0825259
0.34 0.0910957
0.36 0.100394
0.38 0.110486
0.4 0.121437
0.42 0.133313
0.44 0.146178
0.46 0.160096
0.48 0.175125
0.5 0.191324
0.52 0.208746
0.54 0.227437
0.56 0.24744
0.58 0.268791
0.6 0.291518
0.62 0.315641
0.64 0.341173
0.66 0.368118
0.68 0.396468
0.7 0.42621
0.72 0.457317
0.74 0.489754
0.76 0.523477
0.78 0.558431
0.8 0.594551
0.82 0.631765
0.84 0.66999
0.86 0.709136
0.88 0.749105
0.9 0.789793
0.92 0.831091
0.94 0.872881
0.96 0.915045
0.98 0.957459
1 1
