0 0
0.02 0.093147
0.04 0.184089
0.06 0.270674
0.08 0.350853
0.1 0.422727
0.12 0.484596
0.14 0.534994
0.16 0.57273
0.18 0.59691
0.2 0.606961
0.22 0.602647
0.24 0.584068
0.26 0.551665
0.28 0.506205
0.3 0.448763
0.32 0.380699
0.34 0.303625
0.36 0.219364
0.38 0.129911
0.4 0.0373831
0.42 -0.0560293
0.44 -0.148115
0.46 -0.236695
0.48 -0.319671
0.5 -0.395079
0.52 -0.461131
0.54 -0.516263
0.56 -0.559162
0.58 -0.588806
0.6 -0.604477
0.62 -0.605783
0.64 -0.592655
0.66 -0.565348
0.68 -0.524424
0.7 -0.470725
0.72 -0.405345
0.74 -0.329575
0.76 -0.24486
0.78 -0.152733
0.8 -0.0547535
0.82 0.0475615
0.84 0.1528
0.86 0.259713
0.88 0.367266
0.9 0.474674
0.92 0.581416
0.94 0.687237
0.96 0.792124
0.98 0.896267
1 1
