0 0
0.02 0.00390663
0.04 0.0078399
0.06 0.0118269
0.08 0.0158959
0.1 0.0200762
0.12 0.0243993
0.14 0.0288987
0.16 0.0336106
0.18 0.0385739
0.2 0.0438304
0.22 0.0494252
0.24 0.0554063
0.26 0.0618249
0.28 0.068735
0.3 0.0761935
0.32 0.0842595
0.34 0.092994
0.36 0.10246
0.38 0.11272
0.4 0.123839
0.42 0.13588
0.44 0.148906
0.46 0.162978
0.48 0.178153
0.5 0.194487
0.52 0.21203
0.54 0.230828
0.56 0.250921
0.58 0.272344
0.6 0.295122
0.62 0.319276
0.64 0.344816
0.66 0.371744
0.68 0.400053
0.7 0.429729
0.72 0.460745
0.74 0.493066
0.76 0.526647
0.78 0.561435
0.8 0.597366
0.82 0.634368
0.84 0.672361
0.86 0.711255
0.88 0.750955
0.9 0.79136
0.92 0.83236
0.94 0.873842
0.96 0.91569
0.98 0.957783
1 1
