0 0
0.02 0.00397753
0.04 0.00798295
0.06 0.0120446
0.08 0.0161917
0.1 0.0204548
0.12 0.0248663
0.14 0.0294605
0.16 0.0342742
0.18 0.0393468
0.2 0.0447204
0.22 0.0504401
0.24 0.0565537
0.26 0.0631122
0.28 0.0701689
0.3 0.0777799
0.32 0.0860032
0.34 0.0948988
0.36 0.104528
0.38 0.114952
0.4 0.126234
0.42 0.138436
0.44 0.151617
0.46 0.165837
0.48 0.181153
0.5 0.197616
0.52 0.215275
0.54 0.234176
0.56 0.254355
0.58 0.275845
0.6 0.298672
0.62 0.322852
0.64 0.348397
0.66 0.375307
0.68 0.403574
0.7 0.433183
0.72 0.464108
0.74 0.496313
0.76 0.529755
0.78 0.564379
0.8 0.600124
0.82 0.636918
0.84 0.674682
0.86 0.71333
0.88 0.752767
0.9 0.792893
0.92 0.833601
0.94 0.874783
0.96 0.916321
0.98 0.9581
1 1
