0 0
0.02 0.00405155
0.04 0.00813214
0.06 0.0122712
0.08 0.0164992
0.1 0.0208475
0.12 0.0253494
0.14 0.03004
0.16 0.0349566
0.18 0.0401392
0.2 0.04563
0.22 0.0514742
0.24 0.0577194
0.26 0.0644163
0.28 0.0716175
0.3 0.0793784
0.32 0.0877559
0.34 0.0968089
0.36 0.106597
0.38 0.117181
0.4 0.128622
0.42 0.140978
0.44 0.15431
0.46 0.168674
0.48 0.184124
0.5 0.200712
0.52 0.218484
0.54 0.237481
0.56 0.257742
0.58 0.279296
0.6 0.302167
0.62 0.326372
0.64 0.351919
0.66 0.378808
0.68 0.407032
0.7 0.436574
0.72 0.467408
0.74 0.499498
0.76 0.532801
0.78 0.567265
0.8 0.602826
0.82 0.639416
0.84 0.676956
0.86 0.715362
0.88 0.75454
0.9 0.794393
0.92 0.834817
0.94 0.875703
0.96 0.916939
0.98 0.958411
1 1
