0 0
0.02 0.00412849
0.04 0.00828711
0.06 0.0125064
0.08 0.0168176
0.1 0.0212533
0.12 0.0258475
0.14 0.030636
0.16 0.0356567
0.18 0.0409498
0.2 0.0465579
0.22 0.0525261
0.24 0.058902
0.26 0.0657356
0.28 0.0730794
0.3 0.0809876
0.32 0.0895164
0.34 0.0987233
0.36 0.108667
0.38 0.119407
0.4 0.131001
0.42 0.143508
0.44 0.156986
0.46 0.171489
0.48 0.187069
0.5 0.203776
0.52 0.221655
0.54 0.240746
0.56 0.261084
0.58 0.282698
0.6 0.30561
0.62 0.329836
0.64 0.355383
0.66 0.38225
0.68 0.41043
0.7 0.439904
0.72 0.470647
0.74 0.502623
0.76 0.53579
0.78 0.570094
0.8 0.605474
0.82 0.641863
0.84 0.679184
0.86 0.717352
0.88 0.756277
0.9 0.795862
0.92 0.836007
0.94 0.876604
0.96 0.917544
0.98 0.958714
1 1
