0 0
0.02 0.00420816
0.04 0.00844747
0.06 0.0127494
0.08 0.0171463
0.1 0.0216715
0.12 0.0263597
0.14 0.0312474
0.16 0.0363731
0.18 0.0417773
0.2 0.0475027
0.22 0.0535945
0.24 0.0601
0.26 0.067069
0.28 0.0745533
0.3 0.0826063
0.32 0.0912834
0.34 0.100641
0.36 0.110737
0.38 0.121628
0.4 0.133371
0.42 0.146025
0.44 0.159643
0.46 0.17428
0.48 0.189986
0.5 0.206808
0.52 0.224789
0.54 0.243969
0.56 0.264381
0.58 0.286051
0.6 0.309001
0.62 0.333245
0.64 0.35879
0.66 0.385634
0.68 0.413768
0.7 0.443174
0.72 0.473826
0.74 0.50569
0.76 0.538721
0.78 0.572868
0.8 0.608071
0.82 0.644262
0.84 0.681366
0.86 0.719301
0.88 0.757978
0.9 0.797301
0.92 0.837172
0.94 0.877487
0.96 0.918136
0.98 0.959012
1 1
