0 0
0.02 0.0042904
0.04 0.00861288
0.06 0.0129999
0.08 0.0174846
0.1 0.0221011
0.12 0.026885
0.14 0.0318732
0.16 0.0371048
0.18 0.0426204
0.2 0.0484631
0.22 0.054678
0.24 0.0613123
0.26 0.0684152
0.28 0.076038
0.3 0.0842335
0.32 0.0930561
0.34 0.102561
0.36 0.112805
0.38 0.123843
0.4 0.135733
0.42 0.148528
0.44 0.162283
0.46 0.177049
0.48 0.192876
0.5 0.209808
0.52 0.227888
0.54 0.247153
0.56 0.267634
0.58 0.289357
0.6 0.312342
0.62 0.336602
0.64 0.362143
0.66 0.388961
0.68 0.417049
0.7 0.446387
0.72 0.476948
0.74 0.508699
0.76 0.541596
0.78 0.575588
0.8 0.610616
0.82 0.646613
0.84 0.683505
0.86 0.721211
0.88 0.759644
0.9 0.79871
0.92 0.838313
0.94 0.878351
0.96 0.918716
0.98 0.959303
1 1
