0 0
0.02 0.00437502
0.04 0.00878302
0.06 0.0132573
0.08 0.0178318
0.1 0.0225415
0.12 0.0274225
0.14 0.0325125
0.16 0.0378506
0.18 0.0434781
0.2 0.0494381
0.22 0.0557755
0.24 0.0625375
0.26 0.0697729
0.28 0.0775323
0.3 0.085868
0.32 0.0948334
0.34 0.104483
0.36 0.114871
0.38 0.126053
0.4 0.138084
0.42 0.151017
0.44 0.164904
0.46 0.179796
0.48 0.195739
0.5 0.212778
0.52 0.230952
0.54 0.250297
0.56 0.270844
0.58 0.292617
0.6 0.315634
0.62 0.339907
0.64 0.365441
0.66 0.392234
0.68 0.420273
0.7 0.449542
0.72 0.480014
0.74 0.511653
0.76 0.544418
0.78 0.578257
0.8 0.613113
0.82 0.648918
0.84 0.685602
0.86 0.723083
0.88 0.761276
0.9 0.800091
0.92 0.839431
0.94 0.879197
0.96 0.919284
0.98 0.959588
1 1
