0 0
0.02 0.00446188
0.04 0.00895756
0.06 0.0135212
0.08 0.0181874
0.1 0.0229919
0.12 0.0279714
0.14 0.0331641
0.16 0.0386096
0.18 0.0443493
0.2 0.0504263
0.22 0.0568858
0.24 0.0637745
0.26 0.0711409
0.28 0.0790352
0.3 0.0875087
0.32 0.0966142
0.34 0.106405
0.36 0.116935
0.38 0.128257
0.4 0.140426
0.42 0.153492
0.44 0.167507
0.46 0.18252
0.48 0.198575
0.5 0.215716
0.52 0.233981
0.54 0.253403
0.56 0.274012
0.58 0.295831
0.6 0.318878
0.62 0.343162
0.64 0.368688
0.66 0.395452
0.68 0.423444
0.7 0.452643
0.72 0.483025
0.74 0.514554
0.76 0.547187
0.78 0.580876
0.8 0.615561
0.82 0.651179
0.84 0.687657
0.86 0.724917
0.88 0.762876
0.9 0.801444
0.92 0.840527
0.94 0.880026
0.96 0.919841
0.98 0.959867
1 1
