0 0
0.02 0.00455082
0.04 0.00913621
0.06 0.0137911
0.08 0.0185508
0.1 0.0234516
0.12 0.0285309
0.14 0.0338272
0.16 0.0393807
0.18 0.0452328
0.2 0.0514268
0.22 0.0580078
0.24 0.0650222
0.26 0.0725182
0.28 0.0805455
0.3 0.0891548
0.32 0.0983978
0.34 0.108327
0.36 0.118995
0.38 0.130454
0.4 0.142756
0.42 0.155953
0.44 0.170092
0.46 0.185222
0.48 0.201385
0.5 0.218624
0.52 0.236975
0.54 0.256471
0.56 0.277139
0.58 0.299002
0.6 0.322074
0.62 0.346367
0.64 0.371883
0.66 0.398618
0.68 0.426561
0.7 0.455691
0.72 0.485983
0.74 0.517402
0.76 0.549906
0.78 0.583445
0.8 0.617963
0.82 0.653396
0.84 0.689672
0.86 0.726716
0.88 0.764444
0.9 0.80277
0.92 0.8416
0.94 0.880838
0.96 0.920386
0.98 0.960141
1 1
