0 0
0.02 0.00464169
0.04 0.00931868
0.06 0.0140665
0.08 0.0189213
0.1 0.0239199
0.12 0.0291001
0.14 0.034501
0.16 0.0401629
0.18 0.0461276
0.2 0.0524385
0.22 0.0591403
0.24 0.0662795
0.26 0.0739038
0.28 0.0820623
0.3 0.0908051
0.32 0.100183
0.34 0.110248
0.36 0.121051
0.38 0.132643
0.4 0.145076
0.42 0.158398
0.44 0.172658
0.46 0.187901
0.48 0.204169
0.5 0.221502
0.52 0.239936
0.54 0.259502
0.56 0.280226
0.58 0.302129
0.6 0.325225
0.62 0.349525
0.64 0.375029
0.66 0.401733
0.68 0.429626
0.7 0.458686
0.72 0.488889
0.74 0.520199
0.76 0.552575
0.78 0.585967
0.8 0.62032
0.82 0.65557
0.84 0.691649
0.86 0.72848
0.88 0.765982
0.9 0.804069
0.92 0.842652
0.94 0.881634
0.96 0.92092
0.98 0.960409
1 1
