0 0
0.005 0.0390429
0.01 0.0780262
0.015 0.11689
0.02 0.155576
0.025 0.194024
0.03 0.232176
0.035 0.269974
0.04 0.307359
0.045 0.344276
0.05 0.380666
0.055 0.416476
0.06 0.45165
0.065 0.486134
0.07 0.519876
0.075 0.552824
0.08 0.584929
0.085 0.61614
0.09 0.646411
0.095 0.675695
0.1 0.703948
0.105 0.731125
0.11 0.757187
0.115 0.782093
0.12 0.805805
0.125 0.828286
0.13 0.849503
0.135 0.869424
0.14 0.888017
0.145 0.905254
0.15 0.921109
0.155 0.935558
0.16 0.948579
0.165 0.960152
0.17 0.970259
0.175 0.978885
0.18 0.986016
0.185 0.991642
0.19 0.995754
0.195 0.998347
0.2 0.999415
0.205 0.998957
0.21 0.996974
0.215 0.993469
0.22 0.988448
0.225 0.981917
0.23 0.973888
0.235 0.964372
0.24 0.953383
0.245 0.940939
0.25 0.927059
0.255 0.911763
0.26 0.895076
0.265 0.877022
0.27 0.857629
0.275 0.836927
0.28 0.814947
0.285 0.791723
0.29 0.76729
0.295 0.741686
0.3 0.71495
0.305 0.687122
0.31 0.658246
0.315 0.628364
0.32 0.597523
0.325 0.56577
0.33 0.533153
0.335 0.499723
0.34 0.465529
0.345 0.430625
0.35 0.395063
0.355 0.358898
0.36 0.322185
0.365 0.284981
0.37 0.247341
0.375 0.209324
0.38 0.170987
0.385 0.132389
0.39 0.0935895
0.395 0.0546467
0.4 0.0156205
0.405 -0.0234296
0.41 -0.0624439
0.415 -0.101363
0.42 -0.140127
0.425 -0.178677
0.43 -0.216955
0.435 -0.254901
0.44 -0.292458
0.445 -0.329569
0.45 -0.366177
0.455 -0.402225
0.46 -0.43766
0.465 -0.472426
0.47 -0.506471
0.475 -0.539743
0.48 -0.572191
0.485 -0.603766
0.49 -0.634419
0.495 -0.664103
0.5 -0.692773
0.505 -0.720386
0.51 -0.746899
0.515 -0.772272
0.52 -0.796466
0.525 -0.819443
0.53 -0.84117
0.535 -0.861613
0.54 -0.880741
0.545 -0.898523
0.55 -0.914935
0.555 -0.929949
0.56 -0.943544
0.565 -0.955698
0.57 -0.966393
0.575 -0.975613
0.58 -0.983344
0.585 -0.989573
0.59 -0.994292
0.595 -0.997492
0.6 -0.99917
0.605 -0.999323
0.61 -0.99795
0.615 -0.995053
0.62 -0.990638
0.625 -0.98471
0.63 -0.977279
0.635 -0.968356
0.64 -0.957954
0.645 -0.94609
0.65 -0.932782
0.655 -0.91805
0.66 -0.901916
0.665 -0.884406
0.67 -0.865545
0.675 -0.845363
0.68 -0.82389
0.685 -0.80116
0.69 -0.777206
0.695 -0.752066
0.7 -0.725778
0.705 -0.698382
0.71 -0.669919
0.715 -0.640434
0.72 -0.609972
0.725 -0.578578
0.73 -0.5463
0.735 -0.513189
0.74 -0.479295
0.745 -0.444668
0.75 -0.409363
0.755 -0.373433
0.76 -0.336933
0.765 -0.299918
0.77 -0.262446
0.775 -0.224573
0.78 -0.186357
0.785 -0.147856
0.79 -0.10913
0.795 -0.0702372
0.8 -0.0312372
0.805 0.00781049
0.81 0.0468463
0.815 0.0858105
0.82 0.124644
0.825 0.163287
0.83 0.20168
0.835 0.239766
0.84 0.277486
0.845 0.314782
0.85 0.351598
0.855 0.387876
0.86 0.423563
0.865 0.458603
0.87 0.492943
0.875 0.526531
0.88 0.559314
0.885 0.591244
0.89 0.622271
0.895 0.652348
0.9 0.681429
0.905 0.70947
0.91 0.736428
0.915 0.762262
0.92 0.786932
0.925 0.8104
0.93 0.832632
0.935 0.853592
0.94 0.873249
0.945 0.891573
0.95 0.908536
0.955 0.924112
0.96 0.938277
0.965 0.95101
0.97 0.962291
0.975 0.972103
0.98 0.980431
0.985 0.987265
0.99 0.992618
0.995 0.996659
1 1
