0 0
0.005 0.0369347
0.01 0.0738129
0.015 0.110579
0.02 0.147175
0.025 0.183547
0.03 0.219639
0.035 0.255396
0.04 0.290763
0.045 0.325685
0.05 0.360111
0.055 0.393987
0.06 0.427261
0.065 0.459883
0.07 0.491803
0.075 0.522972
0.08 0.553343
0.085 0.582869
0.09 0.611506
0.095 0.639208
0.1 0.665935
0.105 0.691646
0.11 0.7163
0.115 0.739861
0.12 0.762292
0.125 0.78356
0.13 0.803631
0.135 0.822476
0.14 0.840065
0.145 0.856372
0.15 0.871371
0.155 0.88504
0.16 0.897357
0.165 0.908305
0.17 0.917866
0.175 0.926026
0.18 0.932773
0.185 0.938095
0.19 0.941985
0.195 0.944437
0.2 0.945448
0.205 0.945015
0.21 0.943139
0.215 0.939823
0.22 0.935073
0.225 0.928895
0.23 0.921299
0.235 0.912297
0.24 0.901902
0.245 0.89013
0.25 0.876999
0.255 0.862529
0.26 0.846743
0.265 0.829664
0.27 0.811318
0.275 0.791734
0.28 0.770941
0.285 0.748971
0.29 0.725858
0.295 0.701636
0.3 0.676344
0.305 0.650019
0.31 0.622701
0.315 0.594433
0.32 0.565258
0.325 0.535219
0.33 0.504364
0.335 0.472738
0.34 0.440391
0.345 0.407372
0.35 0.37373
0.355 0.339518
0.36 0.304788
0.365 0.269592
0.37 0.233985
0.375 0.198021
0.38 0.161754
0.385 0.125241
0.39 0.0885358
0.395 0.0516959
0.4 0.014777
0.405 -0.0221644
0.41 -0.059072
0.415 -0.0958894
0.42 -0.13256
0.425 -0.169029
0.43 -0.20524
0.435 -0.241137
0.44 -0.276666
0.445 -0.311773
0.45 -0.346404
0.455 -0.380506
0.46 -0.414027
0.465 -0.446916
0.47 -0.479123
0.475 -0.510598
0.48 -0.541294
0.485 -0.571163
0.49 -0.600161
0.495 -0.628242
0.5 -0.655364
0.505 -0.681486
0.51 -0.706567
0.515 -0.73057
0.52 -0.753458
0.525 -0.775195
0.53 -0.795748
0.535 -0.815087
0.54 -0.833182
0.545 -0.850004
0.55 -0.865529
0.555 -0.879733
0.56 -0.892594
0.565 -0.904092
0.57 -0.914209
0.575 -0.922931
0.58 -0.930245
0.585 -0.936138
0.59 -0.940601
0.595 -0.943629
0.6 -0.945217
0.605 -0.945361
0.61 -0.944062
0.615 -0.941322
0.62 -0.937145
0.625 -0.931537
0.63 -0.924507
0.635 -0.916066
0.64 -0.906226
0.645 -0.895003
0.65 -0.882413
0.655 -0.868477
0.66 -0.853214
0.665 -0.836649
0.67 -0.818807
0.675 -0.799714
0.68 -0.779401
0.685 -0.757898
0.69 -0.735238
0.695 -0.711455
0.7 -0.686587
0.705 -0.66067
0.71 -0.633745
0.715 -0.605852
0.72 -0.577034
0.725 -0.547335
0.73 -0.516801
0.735 -0.485478
0.74 -0.453413
0.745 -0.420657
0.75 -0.387258
0.755 -0.353268
0.76 -0.318739
0.765 -0.283723
0.77 -0.248274
0.775 -0.212446
0.78 -0.176294
0.785 -0.139872
0.79 -0.103237
0.795 -0.0664445
0.8 -0.0295504
0.805 0.00738877
0.81 0.0443167
0.815 0.081177
0.82 0.117913
0.825 0.15447
0.83 0.19079
0.835 0.22682
0.84 0.262504
0.845 0.297787
0.85 0.332616
0.855 0.366938
0.86 0.400701
0.865 0.433854
0.87 0.466348
0.875 0.498134
0.88 0.529165
0.885 0.559397
0.89 0.588787
0.895 0.617295
0.9 0.644884
0.905 0.67152
0.91 0.697173
0.915 0.721819
0.92 0.745438
0.925 0.768016
0.93 0.789549
0.935 0.810036
0.94 0.829488
0.945 0.847926
0.95 0.865378
0.955 0.881885
0.96 0.8975
0.965 0.912285
0.97 0.926315
0.975 0.939674
0.98 0.952456
0.985 0.964766
0.99 0.976715
0.995 0.988419
1 1
