0 0
0.005 0.0211995
0.01 0.0423666
0.015 0.063469
0.02 0.0844746
0.025 0.105351
0.03 0.126067
0.035 0.14659
0.04 0.16689
0.045 0.186934
0.05 0.206694
0.055 0.226138
0.06 0.245236
0.065 0.26396
0.07 0.282282
0.075 0.300172
0.08 0.317604
0.085 0.334551
0.09 0.350988
0.095 0.366888
0.1 0.382229
0.105 0.396986
0.11 0.411137
0.115 0.42466
0.12 0.437535
0.125 0.449742
0.13 0.461262
0.135 0.472079
0.14 0.482174
0.145 0.491534
0.15 0.500143
0.155 0.507989
0.16 0.515059
0.165 0.521342
0.17 0.52683
0.175 0.531514
0.18 0.535386
0.185 0.538441
0.19 0.540674
0.195 0.542081
0.2 0.542661
0.205 0.542413
0.21 0.541336
0.215 0.539433
0.22 0.536706
0.225 0.533161
0.23 0.528801
0.235 0.523634
0.24 0.517667
0.245 0.51091
0.25 0.503374
0.255 0.495068
0.26 0.486007
0.265 0.476204
0.27 0.465674
0.275 0.454434
0.28 0.442499
0.285 0.429889
0.29 0.416623
0.295 0.40272
0.3 0.388203
0.305 0.373093
0.31 0.357414
0.315 0.341189
0.32 0.324443
0.325 0.307201
0.33 0.289491
0.335 0.271339
0.34 0.252773
0.345 0.23382
0.35 0.214511
0.355 0.194874
0.36 0.17494
0.365 0.154739
0.37 0.134302
0.375 0.113659
0.38 0.0928431
0.385 0.0718854
0.39 0.050818
0.395 0.029673
0.4 0.0084828
0.405 -0.0127204
0.41 -0.033904
0.415 -0.0550359
0.42 -0.0760837
0.425 -0.0970153
0.43 -0.117799
0.435 -0.138402
0.44 -0.158794
0.445 -0.178944
0.45 -0.19882
0.455 -0.218393
0.46 -0.237632
0.465 -0.256508
0.47 -0.274992
0.475 -0.293056
0.48 -0.310672
0.485 -0.327814
0.49 -0.344455
0.495 -0.360569
0.5 -0.376133
0.505 -0.391121
0.51 -0.405512
0.515 -0.419283
0.52 -0.432413
0.525 -0.444882
0.53 -0.45667
0.535 -0.46776
0.54 -0.478134
0.545 -0.487776
0.55 -0.496672
0.555 -0.504807
0.56 -0.512169
0.565 -0.518747
0.57 -0.524529
0.575 -0.529506
0.58 -0.533672
0.585 -0.537017
0.59 -0.539538
0.595 -0.54123
0.6 -0.542088
0.605 -0.542112
0.61 -0.5413
0.615 -0.539653
0.62 -0.537172
0.625 -0.53386
0.63 -0.529721
0.635 -0.524759
0.64 -0.51898
0.645 -0.512393
0.65 -0.505005
0.655 -0.496825
0.66 -0.487864
0.665 -0.478134
0.67 -0.467646
0.675 -0.456414
0.68 -0.444452
0.685 -0.431775
0.69 -0.418399
0.695 -0.404341
0.7 -0.389618
0.705 -0.374248
0.71 -0.358249
0.715 -0.341642
0.72 -0.324446
0.725 -0.306682
0.73 -0.288369
0.735 -0.26953
0.74 -0.250186
0.745 -0.230359
0.75 -0.210071
0.755 -0.189344
0.76 -0.1682
0.765 -0.146662
0.77 -0.124752
0.775 -0.102492
0.78 -0.0799049
0.785 -0.0570122
0.79 -0.0338357
0.795 -0.0103968
0.8 0.0132833
0.805 0.0371841
0.81 0.0612852
0.815 0.0855669
0.82 0.11001
0.825 0.134596
0.83 0.159307
0.835 0.184126
0.84 0.209036
0.845 0.234021
0.85 0.259067
0.855 0.284159
0.86 0.309284
0.865 0.33443
0.87 0.359584
0.875 0.384737
0.88 0.409879
0.885 0.435
0.89 0.460094
0.895 0.485152
0.9 0.51017
0.905 0.535141
0.91 0.560062
0.915 0.584929
0.92 0.609741
0.925 0.634495
0.93 0.65919
0.935 0.683827
0.94 0.708407
0.945 0.732931
0.95 0.757401
0.955 0.78182
0.96 0.806191
0.965 0.830518
0.97 0.854806
0.975 0.87906
0.98 0.903284
0.985 0.927484
0.99 0.951666
0.995 0.975836
1 1
