0 0
0.005 0.0210691
0.01 0.0421061
0.015 0.0630788
0.02 0.0839552
0.025 0.104703
0.03 0.125292
0.035 0.145689
0.04 0.165864
0.045 0.185785
0.05 0.205423
0.055 0.224747
0.06 0.243728
0.065 0.262337
0.07 0.280546
0.075 0.298326
0.08 0.315651
0.085 0.332494
0.09 0.348829
0.095 0.364632
0.1 0.379878
0.105 0.394545
0.11 0.408609
0.115 0.422049
0.12 0.434845
0.125 0.446977
0.13 0.458426
0.135 0.469176
0.14 0.47921
0.145 0.488511
0.15 0.497068
0.155 0.504865
0.16 0.511892
0.165 0.518137
0.17 0.523591
0.175 0.528246
0.18 0.532094
0.185 0.53513
0.19 0.537349
0.195 0.538748
0.2 0.539324
0.205 0.539077
0.21 0.538007
0.215 0.536116
0.22 0.533406
0.225 0.529882
0.23 0.525549
0.235 0.520414
0.24 0.514484
0.245 0.507769
0.25 0.500278
0.255 0.492024
0.26 0.483019
0.265 0.473276
0.27 0.462811
0.275 0.451639
0.28 0.439778
0.285 0.427246
0.29 0.414061
0.295 0.400244
0.3 0.385816
0.305 0.370799
0.31 0.355216
0.315 0.339091
0.32 0.322448
0.325 0.305312
0.33 0.287711
0.335 0.269671
0.34 0.251218
0.345 0.232383
0.35 0.213192
0.355 0.193676
0.36 0.173865
0.365 0.153788
0.37 0.133476
0.375 0.11296
0.38 0.0922723
0.385 0.0714435
0.39 0.0505056
0.395 0.0294907
0.4 0.00843078
0.405 -0.012642
0.41 -0.0336954
0.415 -0.0546973
0.42 -0.0756156
0.425 -0.0964185
0.43 -0.117074
0.435 -0.137551
0.44 -0.157817
0.445 -0.177843
0.45 -0.197597
0.455 -0.217049
0.46 -0.23617
0.465 -0.254929
0.47 -0.2733
0.475 -0.291253
0.48 -0.30876
0.485 -0.325796
0.49 -0.342335
0.495 -0.35835
0.5 -0.373817
0.505 -0.388713
0.51 -0.403015
0.515 -0.416701
0.52 -0.42975
0.525 -0.442141
0.53 -0.453856
0.535 -0.464877
0.54 -0.475187
0.545 -0.484769
0.55 -0.493609
0.555 -0.501693
0.56 -0.509008
0.565 -0.515543
0.57 -0.521288
0.575 -0.526234
0.58 -0.530371
0.585 -0.533694
0.59 -0.536197
0.595 -0.537875
0.6 -0.538725
0.605 -0.538746
0.61 -0.537935
0.615 -0.536294
0.62 -0.533824
0.625 -0.530527
0.63 -0.526407
0.635 -0.52147
0.64 -0.51572
0.645 -0.509166
0.65 -0.501815
0.655 -0.493677
0.66 -0.484762
0.665 -0.475081
0.67 -0.464647
0.675 -0.453472
0.68 -0.44157
0.685 -0.428957
0.69 -0.415648
0.695 -0.40166
0.7 -0.387009
0.705 -0.371715
0.71 -0.355794
0.715 -0.339267
0.72 -0.322153
0.725 -0.304472
0.73 -0.286245
0.735 -0.267492
0.74 -0.248236
0.745 -0.228497
0.75 -0.208298
0.755 -0.187661
0.76 -0.166607
0.765 -0.145159
0.77 -0.123338
0.775 -0.101168
0.78 -0.0786686
0.785 -0.0558633
0.79 -0.0327729
0.795 -0.0094188
0.8 0.0141782
0.805 0.0379976
0.81 0.0620194
0.815 0.0862241
0.82 0.110593
0.825 0.135107
0.83 0.159748
0.835 0.184501
0.84 0.209347
0.845 0.234272
0.85 0.259261
0.855 0.284299
0.86 0.309374
0.865 0.334473
0.87 0.359585
0.875 0.384699
0.88 0.409805
0.885 0.434895
0.89 0.45996
0.895 0.484994
0.9 0.509991
0.905 0.534945
0.91 0.559852
0.915 0.58471
0.92 0.609515
0.925 0.634265
0.93 0.658961
0.935 0.683601
0.94 0.708186
0.945 0.732718
0.95 0.757199
0.955 0.781631
0.96 0.806018
0.965 0.830362
0.97 0.854669
0.975 0.878943
0.98 0.903189
0.985 0.927412
0.99 0.951618
0.995 0.975812
1 1
