0 0
0.005 0.0209396
0.01 0.0418472
0.015 0.0626909
0.02 0.0834389
0.025 0.10406
0.03 0.124521
0.035 0.144793
0.04 0.164844
0.045 0.184643
0.05 0.20416
0.055 0.223365
0.06 0.24223
0.065 0.260724
0.07 0.278821
0.075 0.296492
0.08 0.31371
0.085 0.33045
0.09 0.346684
0.095 0.36239
0.1 0.377543
0.105 0.392119
0.11 0.406096
0.115 0.419454
0.12 0.432171
0.125 0.444228
0.13 0.455607
0.135 0.466291
0.14 0.476263
0.145 0.485508
0.15 0.494011
0.155 0.501761
0.16 0.508744
0.165 0.514951
0.17 0.520371
0.175 0.524998
0.18 0.528822
0.185 0.53184
0.19 0.534045
0.195 0.535435
0.2 0.536008
0.205 0.535763
0.21 0.534699
0.215 0.532819
0.22 0.530126
0.225 0.526624
0.23 0.522318
0.235 0.517214
0.24 0.51132
0.245 0.504647
0.25 0.497202
0.255 0.488999
0.26 0.480049
0.265 0.470366
0.27 0.459965
0.275 0.448862
0.28 0.437074
0.285 0.424618
0.29 0.411515
0.295 0.397783
0.3 0.383444
0.305 0.368519
0.31 0.353032
0.315 0.337006
0.32 0.320465
0.325 0.303435
0.33 0.285942
0.335 0.268012
0.34 0.249674
0.345 0.230954
0.35 0.211881
0.355 0.192485
0.36 0.172796
0.365 0.152842
0.37 0.132655
0.375 0.112266
0.38 0.091705
0.385 0.0710043
0.39 0.0501952
0.395 0.0293095
0.4 0.00837911
0.405 -0.012564
0.41 -0.033488
0.415 -0.0543607
0.42 -0.0751504
0.425 -0.0958252
0.43 -0.116354
0.435 -0.136705
0.44 -0.156846
0.445 -0.176749
0.45 -0.196381
0.455 -0.215714
0.46 -0.234716
0.465 -0.253361
0.47 -0.271618
0.475 -0.28946
0.48 -0.30686
0.485 -0.323791
0.49 -0.340228
0.495 -0.356144
0.5 -0.371516
0.505 -0.38632
0.51 -0.400534
0.515 -0.414135
0.52 -0.427103
0.525 -0.439417
0.53 -0.45106
0.535 -0.462012
0.54 -0.472257
0.545 -0.481779
0.55 -0.490564
0.555 -0.498597
0.56 -0.505866
0.565 -0.512359
0.57 -0.518067
0.575 -0.52298
0.58 -0.52709
0.585 -0.53039
0.59 -0.532875
0.595 -0.53454
0.6 -0.535382
0.605 -0.535398
0.61 -0.534589
0.615 -0.532953
0.62 -0.530494
0.625 -0.527212
0.63 -0.523112
0.635 -0.518198
0.64 -0.512478
0.645 -0.505956
0.65 -0.498643
0.655 -0.490546
0.66 -0.481676
0.665 -0.472044
0.67 -0.461662
0.675 -0.450544
0.68 -0.438702
0.685 -0.426152
0.69 -0.412909
0.695 -0.39899
0.7 -0.384412
0.705 -0.369191
0.71 -0.353348
0.715 -0.336899
0.72 -0.319866
0.725 -0.302268
0.73 -0.284125
0.735 -0.265459
0.74 -0.246289
0.745 -0.226638
0.75 -0.206528
0.755 -0.185979
0.76 -0.165014
0.765 -0.143654
0.77 -0.121923
0.775 -0.09984
0.78 -0.0774285
0.785 -0.0547096
0.79 -0.0317045
0.795 -0.00843431
0.8 0.0150804
0.805 0.0388193
0.81 0.0627625
0.815 0.0868908
0.82 0.111185
0.825 0.135628
0.83 0.160201
0.835 0.184887
0.84 0.209671
0.845 0.234536
0.85 0.259468
0.855 0.284454
0.86 0.309479
0.865 0.334532
0.87 0.359601
0.875 0.384675
0.88 0.409746
0.885 0.434804
0.89 0.459841
0.895 0.48485
0.9 0.509826
0.905 0.534763
0.91 0.559657
0.915 0.584504
0.92 0.609302
0.925 0.634049
0.93 0.658743
0.935 0.683386
0.94 0.707976
0.945 0.732516
0.95 0.757007
0.955 0.781451
0.96 0.805853
0.965 0.830214
0.97 0.854539
0.975 0.878832
0.98 0.903099
0.985 0.927344
0.99 0.951572
0.995 0.975789
1 1
