0 0
0.005 0.0208108
0.01 0.0415899
0.015 0.0623054
0.02 0.0829259
0.025 0.10342
0.03 0.123756
0.035 0.143903
0.04 0.16383
0.045 0.183507
0.05 0.202904
0.055 0.221992
0.06 0.24074
0.065 0.259121
0.07 0.277106
0.075 0.294669
0.08 0.311781
0.085 0.328418
0.09 0.344553
0.095 0.360162
0.1 0.375221
0.105 0.389708
0.11 0.403599
0.115 0.416874
0.12 0.429513
0.125 0.441497
0.13 0.452806
0.135 0.463424
0.14 0.473334
0.145 0.482522
0.15 0.490974
0.155 0.498675
0.16 0.505616
0.165 0.511784
0.17 0.517172
0.175 0.521769
0.18 0.525571
0.185 0.528569
0.19 0.530761
0.195 0.532143
0.2 0.532712
0.205 0.532468
0.21 0.531411
0.215 0.529543
0.22 0.526867
0.225 0.523386
0.23 0.519106
0.235 0.514034
0.24 0.508176
0.245 0.501543
0.25 0.494145
0.255 0.485992
0.26 0.477097
0.265 0.467474
0.27 0.457137
0.275 0.446102
0.28 0.434386
0.285 0.422008
0.29 0.408984
0.295 0.395337
0.3 0.381086
0.305 0.366253
0.31 0.350861
0.315 0.334933
0.32 0.318494
0.325 0.301569
0.33 0.284184
0.335 0.266364
0.34 0.248138
0.345 0.229534
0.35 0.210578
0.355 0.191302
0.36 0.171733
0.365 0.151902
0.37 0.131839
0.375 0.111576
0.38 0.0911412
0.385 0.0705678
0.39 0.0498867
0.395 0.0291294
0.4 0.00832776
0.405 -0.0124866
0.41 -0.0332818
0.415 -0.0540262
0.42 -0.074688
0.425 -0.0952357
0.43 -0.115638
0.435 -0.135863
0.44 -0.155881
0.445 -0.175661
0.45 -0.195173
0.455 -0.214386
0.46 -0.233272
0.465 -0.251802
0.47 -0.269946
0.475 -0.287679
0.48 -0.304972
0.485 -0.321798
0.49 -0.338133
0.495 -0.353951
0.5 -0.369229
0.505 -0.383941
0.51 -0.398067
0.515 -0.411584
0.52 -0.424471
0.525 -0.43671
0.53 -0.44828
0.535 -0.459164
0.54 -0.469345
0.545 -0.478807
0.55 -0.487537
0.555 -0.495519
0.56 -0.502742
0.565 -0.509194
0.57 -0.514865
0.575 -0.519746
0.58 -0.523828
0.585 -0.527105
0.59 -0.529572
0.595 -0.531224
0.6 -0.532057
0.605 -0.53207
0.61 -0.531262
0.615 -0.529632
0.62 -0.527182
0.625 -0.523915
0.63 -0.519835
0.635 -0.514945
0.64 -0.509252
0.645 -0.502764
0.65 -0.495487
0.655 -0.487431
0.66 -0.478605
0.665 -0.469022
0.67 -0.458692
0.675 -0.44763
0.68 -0.435847
0.685 -0.423359
0.69 -0.410182
0.695 -0.396332
0.7 -0.381824
0.705 -0.366677
0.71 -0.35091
0.715 -0.33454
0.72 -0.317587
0.725 -0.300071
0.73 -0.282011
0.735 -0.26343
0.74 -0.244346
0.745 -0.224782
0.75 -0.204759
0.755 -0.184298
0.76 -0.16342
0.765 -0.142149
0.77 -0.120505
0.775 -0.0985096
0.78 -0.0761846
0.785 -0.0535512
0.79 -0.0306306
0.795 -0.00744345
0.8 0.0159897
0.805 0.0396489
0.81 0.0635144
0.815 0.0875671
0.82 0.111788
0.825 0.13616
0.83 0.160665
0.835 0.185286
0.84 0.210007
0.845 0.234813
0.85 0.259689
0.855 0.284622
0.86 0.309597
0.865 0.334604
0.87 0.359631
0.875 0.384666
0.88 0.409701
0.885 0.434727
0.89 0.459736
0.895 0.484721
0.9 0.509676
0.905 0.534596
0.91 0.559475
0.915 0.584312
0.92 0.609102
0.925 0.633844
0.93 0.658538
0.935 0.683182
0.94 0.707777
0.945 0.732323
0.95 0.756824
0.955 0.78128
0.96 0.805695
0.965 0.830072
0.97 0.854414
0.975 0.878726
0.98 0.903012
0.985 0.927278
0.99 0.951528
0.995 0.975766
1 1
