0 0
0.005 0.0206829
0.01 0.0413341
0.015 0.0619223
0.02 0.082416
0.025 0.102784
0.03 0.122995
0.035 0.143018
0.04 0.162823
0.045 0.182379
0.05 0.201657
0.055 0.220627
0.06 0.23926
0.065 0.257528
0.07 0.275403
0.075 0.292857
0.08 0.309864
0.085 0.326398
0.09 0.342434
0.095 0.357947
0.1 0.372914
0.105 0.387311
0.11 0.401117
0.115 0.414311
0.12 0.426872
0.125 0.438782
0.13 0.450022
0.135 0.460574
0.14 0.470424
0.145 0.479555
0.15 0.487955
0.155 0.495609
0.16 0.502507
0.165 0.508637
0.17 0.513992
0.175 0.518561
0.18 0.522339
0.185 0.525319
0.19 0.527498
0.195 0.528871
0.2 0.529437
0.205 0.529194
0.21 0.528144
0.215 0.526287
0.22 0.523627
0.225 0.520168
0.23 0.515914
0.235 0.510873
0.24 0.505052
0.245 0.49846
0.25 0.491106
0.255 0.483004
0.26 0.474163
0.265 0.464599
0.27 0.454326
0.275 0.443359
0.28 0.431715
0.285 0.419413
0.29 0.40647
0.295 0.392906
0.3 0.378742
0.305 0.364001
0.31 0.348704
0.315 0.332874
0.32 0.316536
0.325 0.299715
0.33 0.282436
0.335 0.264727
0.34 0.246613
0.345 0.228122
0.35 0.209284
0.355 0.190126
0.36 0.170677
0.365 0.150968
0.37 0.131029
0.375 0.11089
0.38 0.0905809
0.385 0.070134
0.39 0.0495801
0.395 0.0289505
0.4 0.00827675
0.405 -0.0124096
0.41 -0.0330769
0.415 -0.0536936
0.42 -0.0742284
0.425 -0.0946496
0.43 -0.114926
0.435 -0.135027
0.44 -0.154922
0.445 -0.17458
0.45 -0.193972
0.455 -0.213067
0.46 -0.231837
0.465 -0.250252
0.47 -0.268285
0.475 -0.285908
0.48 -0.303094
0.485 -0.319817
0.49 -0.336052
0.495 -0.351772
0.5 -0.366955
0.505 -0.381577
0.51 -0.395615
0.515 -0.409048
0.52 -0.421856
0.525 -0.434018
0.53 -0.445516
0.535 -0.456333
0.54 -0.46645
0.545 -0.475854
0.55 -0.484528
0.555 -0.49246
0.56 -0.499637
0.565 -0.506047
0.57 -0.511682
0.575 -0.51653
0.58 -0.520585
0.585 -0.52384
0.59 -0.526289
0.595 -0.527927
0.6 -0.528752
0.605 -0.528761
0.61 -0.527953
0.615 -0.526329
0.62 -0.523889
0.625 -0.520637
0.63 -0.516575
0.635 -0.511709
0.64 -0.506044
0.645 -0.499588
0.65 -0.492347
0.655 -0.484331
0.66 -0.47555
0.665 -0.466015
0.67 -0.455737
0.675 -0.444729
0.68 -0.433005
0.685 -0.420579
0.69 -0.407467
0.695 -0.393684
0.7 -0.379247
0.705 -0.364173
0.71 -0.348481
0.715 -0.332188
0.72 -0.315315
0.725 -0.29788
0.73 -0.279903
0.735 -0.261405
0.74 -0.242406
0.745 -0.222928
0.75 -0.202991
0.755 -0.182617
0.76 -0.161827
0.765 -0.140643
0.77 -0.119085
0.775 -0.0971763
0.78 -0.0749369
0.785 -0.0523883
0.79 -0.0295512
0.795 -0.0064463
0.8 0.0169062
0.805 0.0404864
0.81 0.0642749
0.815 0.0882526
0.82 0.112401
0.825 0.136703
0.83 0.16114
0.835 0.185696
0.84 0.210356
0.845 0.235103
0.85 0.259923
0.855 0.284803
0.86 0.30973
0.865 0.334691
0.87 0.359675
0.875 0.384672
0.88 0.409671
0.885 0.434666
0.89 0.459646
0.895 0.484607
0.9 0.50954
0.905 0.534442
0.91 0.559307
0.915 0.584132
0.92 0.608915
0.925 0.633652
0.93 0.658344
0.935 0.682989
0.94 0.707587
0.945 0.732141
0.95 0.75665
0.955 0.781117
0.96 0.805545
0.965 0.829936
0.97 0.854295
0.975 0.878624
0.98 0.90293
0.985 0.927215
0.99 0.951485
0.995 0.975745
1 1
