0 0
0.005 0.0204293
0.01 0.0408274
0.015 0.0611631
0.02 0.0814055
0.025 0.101524
0.03 0.121487
0.035 0.141264
0.04 0.160826
0.045 0.180143
0.05 0.199184
0.055 0.217922
0.06 0.236327
0.065 0.25437
0.07 0.272026
0.075 0.289266
0.08 0.306065
0.085 0.322397
0.09 0.338236
0.095 0.353559
0.1 0.368342
0.105 0.382563
0.11 0.3962
0.115 0.409232
0.12 0.421639
0.125 0.433402
0.13 0.444504
0.135 0.454928
0.14 0.464656
0.145 0.473676
0.15 0.481972
0.155 0.489533
0.16 0.496346
0.165 0.502402
0.17 0.50769
0.175 0.512203
0.18 0.515935
0.185 0.518879
0.19 0.521031
0.195 0.522387
0.2 0.522946
0.205 0.522706
0.21 0.521669
0.215 0.519835
0.22 0.517207
0.225 0.51379
0.23 0.509589
0.235 0.504609
0.24 0.49886
0.245 0.492348
0.25 0.485085
0.255 0.477082
0.26 0.46835
0.265 0.458903
0.27 0.448756
0.275 0.437924
0.28 0.426423
0.285 0.414271
0.29 0.401486
0.295 0.388089
0.3 0.374099
0.305 0.359538
0.31 0.344428
0.315 0.328793
0.32 0.312655
0.325 0.29604
0.33 0.278974
0.335 0.261481
0.34 0.243589
0.345 0.225326
0.35 0.206718
0.355 0.187795
0.36 0.168585
0.365 0.149118
0.37 0.129423
0.375 0.10953
0.38 0.0894706
0.385 0.0692744
0.39 0.0489725
0.395 0.0285959
0.4 0.00817571
0.405 -0.0122569
0.41 -0.0326708
0.415 -0.0530347
0.42 -0.0733175
0.425 -0.0934883
0.43 -0.113516
0.435 -0.133371
0.44 -0.153022
0.445 -0.172439
0.45 -0.191592
0.455 -0.210453
0.46 -0.228992
0.465 -0.247181
0.47 -0.264993
0.475 -0.282399
0.48 -0.299374
0.485 -0.315892
0.49 -0.331926
0.495 -0.347453
0.5 -0.362449
0.505 -0.376891
0.51 -0.390756
0.515 -0.404023
0.52 -0.416672
0.525 -0.428684
0.53 -0.44004
0.535 -0.450721
0.54 -0.460713
0.545 -0.469998
0.55 -0.478564
0.555 -0.486396
0.56 -0.493481
0.565 -0.49981
0.57 -0.505371
0.575 -0.510156
0.58 -0.514156
0.585 -0.517365
0.59 -0.519778
0.595 -0.52139
0.6 -0.522198
0.605 -0.522198
0.61 -0.521392
0.615 -0.519778
0.62 -0.517358
0.625 -0.514134
0.63 -0.51011
0.635 -0.50529
0.64 -0.499679
0.645 -0.493286
0.65 -0.486116
0.655 -0.478179
0.66 -0.469485
0.665 -0.460044
0.67 -0.449868
0.675 -0.438969
0.68 -0.42736
0.685 -0.415056
0.69 -0.402071
0.695 -0.388421
0.7 -0.374123
0.705 -0.359193
0.71 -0.343648
0.715 -0.327508
0.72 -0.310791
0.725 -0.293515
0.73 -0.275701
0.735 -0.257368
0.74 -0.238537
0.745 -0.219228
0.75 -0.199461
0.755 -0.179258
0.76 -0.15864
0.765 -0.137627
0.77 -0.11624
0.775 -0.0945014
0.78 -0.0724306
0.785 -0.0500489
0.79 -0.0273764
0.795 -0.00443356
0.8 0.0187599
0.805 0.0421845
0.81 0.0658211
0.815 0.0896512
0.82 0.113657
0.825 0.13782
0.83 0.162124
0.835 0.186552
0.84 0.211089
0.845 0.23572
0.85 0.26043
0.855 0.285206
0.86 0.310035
0.865 0.334905
0.87 0.359805
0.875 0.384724
0.88 0.409654
0.885 0.434584
0.89 0.459508
0.895 0.484419
0.9 0.509309
0.905 0.534174
0.91 0.55901
0.915 0.583812
0.92 0.608577
0.925 0.633304
0.93 0.65799
0.935 0.682635
0.94 0.70724
0.945 0.731803
0.95 0.756328
0.955 0.780814
0.96 0.805266
0.965 0.829684
0.97 0.854073
0.975 0.878435
0.98 0.902776
0.985 0.927098
0.99 0.951406
0.995 0.975706
1 1
