0 0
0.005 0.0203037
0.01 0.0405763
0.015 0.0607871
0.02 0.080905
0.025 0.100899
0.03 0.12074
0.035 0.140396
0.04 0.159838
0.045 0.179035
0.05 0.19796
0.055 0.216582
0.06 0.234873
0.065 0.252806
0.07 0.270353
0.075 0.287488
0.08 0.304183
0.085 0.320414
0.09 0.336156
0.095 0.351385
0.1 0.366077
0.105 0.38021
0.11 0.393763
0.115 0.406715
0.12 0.419046
0.125 0.430737
0.13 0.441771
0.135 0.45213
0.14 0.461799
0.145 0.470763
0.15 0.479009
0.155 0.486523
0.16 0.493294
0.165 0.499312
0.17 0.504568
0.175 0.509054
0.18 0.512763
0.185 0.515688
0.19 0.517827
0.195 0.519175
0.2 0.51973
0.205 0.519492
0.21 0.518461
0.215 0.516638
0.22 0.514027
0.225 0.510631
0.23 0.506455
0.235 0.501507
0.24 0.495792
0.245 0.489321
0.25 0.482103
0.255 0.474148
0.26 0.46547
0.265 0.456082
0.27 0.445997
0.275 0.435231
0.28 0.423801
0.285 0.411723
0.29 0.399018
0.295 0.385703
0.3 0.371799
0.305 0.357327
0.31 0.342311
0.315 0.326771
0.32 0.310733
0.325 0.29422
0.33 0.277258
0.335 0.259873
0.34 0.242091
0.345 0.22394
0.35 0.205447
0.355 0.18664
0.36 0.167548
0.365 0.148201
0.37 0.128627
0.375 0.108857
0.38 0.0889206
0.385 0.0688486
0.39 0.0486716
0.395 0.0284203
0.4 0.00812569
0.405 -0.0121813
0.41 -0.0324695
0.415 -0.0527082
0.42 -0.0728662
0.425 -0.092913
0.43 -0.112818
0.435 -0.13255
0.44 -0.15208
0.445 -0.171377
0.45 -0.190413
0.455 -0.209158
0.46 -0.227583
0.465 -0.24566
0.47 -0.263362
0.475 -0.280661
0.48 -0.297531
0.485 -0.313947
0.49 -0.329882
0.495 -0.345313
0.5 -0.360217
0.505 -0.374569
0.51 -0.388348
0.515 -0.401533
0.52 -0.414104
0.525 -0.426041
0.53 -0.437326
0.535 -0.447941
0.54 -0.45787
0.545 -0.467097
0.55 -0.475608
0.555 -0.48339
0.56 -0.490431
0.565 -0.496719
0.57 -0.502243
0.575 -0.506996
0.58 -0.510969
0.585 -0.514156
0.59 -0.516551
0.595 -0.51815
0.6 -0.518948
0.605 -0.518945
0.61 -0.518139
0.615 -0.51653
0.62 -0.514119
0.625 -0.510909
0.63 -0.506903
0.635 -0.502106
0.64 -0.496522
0.645 -0.490159
0.65 -0.483025
0.655 -0.475127
0.66 -0.466475
0.665 -0.457081
0.67 -0.446954
0.675 -0.436108
0.68 -0.424556
0.685 -0.412312
0.69 -0.39939
0.695 -0.385806
0.7 -0.371576
0.705 -0.356716
0.71 -0.341245
0.715 -0.32518
0.72 -0.308539
0.725 -0.291342
0.73 -0.273608
0.735 -0.255357
0.74 -0.236608
0.745 -0.217382
0.75 -0.197699
0.755 -0.17758
0.76 -0.157046
0.765 -0.136117
0.77 -0.114815
0.775 -0.0931598
0.78 -0.0711722
0.785 -0.0488725
0.79 -0.0262812
0.795 -0.00341816
0.8 0.019697
0.805 0.0430449
0.81 0.0666066
0.815 0.0903639
0.82 0.114299
0.825 0.138393
0.83 0.162631
0.835 0.186997
0.84 0.211473
0.845 0.236046
0.85 0.260702
0.855 0.285426
0.86 0.310207
0.865 0.335032
0.87 0.35989
0.875 0.384771
0.88 0.409665
0.885 0.434564
0.89 0.45946
0.895 0.484345
0.9 0.509214
0.905 0.53406
0.91 0.558881
0.915 0.58367
0.92 0.608426
0.925 0.633147
0.93 0.65783
0.935 0.682475
0.94 0.707081
0.945 0.731649
0.95 0.75618
0.955 0.780675
0.96 0.805137
0.965 0.829567
0.97 0.85397
0.975 0.878348
0.98 0.902704
0.985 0.927044
0.99 0.95137
0.995 0.975687
1 1
