0 0
0.005 0.0367075
0.01 0.0733591
0.015 0.109899
0.02 0.14627
0.025 0.182419
0.03 0.218289
0.035 0.253825
0.04 0.288975
0.045 0.323683
0.05 0.357897
0.055 0.391564
0.06 0.424634
0.065 0.457055
0.07 0.488779
0.075 0.519757
0.08 0.549941
0.085 0.579285
0.09 0.607746
0.095 0.635278
0.1 0.661841
0.105 0.687393
0.11 0.711896
0.115 0.735312
0.12 0.757605
0.125 0.778742
0.13 0.79869
0.135 0.817419
0.14 0.834899
0.145 0.851106
0.15 0.866013
0.155 0.879598
0.16 0.89184
0.165 0.90272
0.17 0.912223
0.175 0.920332
0.18 0.927037
0.185 0.932327
0.19 0.936193
0.195 0.93863
0.2 0.939634
0.205 0.939204
0.21 0.93734
0.215 0.934044
0.22 0.929323
0.225 0.923184
0.23 0.915634
0.235 0.906687
0.24 0.896356
0.245 0.884657
0.25 0.871606
0.255 0.857226
0.26 0.841536
0.265 0.824562
0.27 0.806329
0.275 0.786866
0.28 0.7662
0.285 0.744366
0.29 0.721394
0.295 0.697322
0.3 0.672185
0.305 0.646022
0.31 0.618872
0.315 0.590778
0.32 0.561782
0.325 0.531928
0.33 0.501262
0.335 0.469831
0.34 0.437683
0.345 0.404867
0.35 0.371432
0.355 0.33743
0.36 0.302914
0.365 0.267935
0.37 0.232546
0.375 0.196803
0.38 0.16076
0.385 0.124471
0.39 0.0879914
0.395 0.051378
0.4 0.0146862
0.405 -0.0220281
0.41 -0.0587088
0.415 -0.0952998
0.42 -0.131745
0.425 -0.16799
0.43 -0.203978
0.435 -0.239654
0.44 -0.274965
0.445 -0.309856
0.45 -0.344274
0.455 -0.378166
0.46 -0.411481
0.465 -0.444168
0.47 -0.476177
0.475 -0.507458
0.48 -0.537965
0.485 -0.567651
0.49 -0.59647
0.495 -0.624379
0.5 -0.651335
0.505 -0.677296
0.51 -0.702223
0.515 -0.726078
0.52 -0.748825
0.525 -0.770428
0.53 -0.790855
0.535 -0.810075
0.54 -0.828059
0.545 -0.844778
0.55 -0.860207
0.555 -0.874324
0.56 -0.887105
0.565 -0.898532
0.57 -0.908588
0.575 -0.917256
0.58 -0.924525
0.585 -0.930381
0.59 -0.934818
0.595 -0.937827
0.6 -0.939405
0.605 -0.939548
0.61 -0.938257
0.615 -0.935534
0.62 -0.931382
0.625 -0.925809
0.63 -0.918822
0.635 -0.910433
0.64 -0.900654
0.645 -0.8895
0.65 -0.876987
0.655 -0.863136
0.66 -0.847968
0.665 -0.831504
0.67 -0.813772
0.675 -0.794797
0.68 -0.774609
0.685 -0.753238
0.69 -0.730717
0.695 -0.707081
0.7 -0.682365
0.705 -0.656608
0.71 -0.629848
0.715 -0.602126
0.72 -0.573486
0.725 -0.54397
0.73 -0.513623
0.735 -0.482493
0.74 -0.450625
0.745 -0.41807
0.75 -0.384877
0.755 -0.351096
0.76 -0.316779
0.765 -0.281978
0.77 -0.246747
0.775 -0.21114
0.78 -0.17521
0.785 -0.139012
0.79 -0.102602
0.795 -0.0660359
0.8 -0.0293687
0.805 0.00734341
0.81 0.0440443
0.815 0.080678
0.82 0.117189
0.825 0.15352
0.83 0.189618
0.835 0.225427
0.84 0.260891
0.845 0.295959
0.85 0.330575
0.855 0.364688
0.86 0.398247
0.865 0.431201
0.87 0.463502
0.875 0.495101
0.88 0.525954
0.885 0.556017
0.89 0.585248
0.895 0.61361
0.9 0.641067
0.905 0.667589
0.91 0.693147
0.915 0.71772
0.92 0.741292
0.925 0.763852
0.93 0.785396
0.935 0.805931
0.94 0.825468
0.945 0.84403
0.95 0.861649
0.955 0.878367
0.96 0.894235
0.965 0.909316
0.97 0.923682
0.975 0.937415
0.98 0.950605
0.985 0.963352
0.99 0.975759
0.995 0.987937
1 1
