0 0
0.005 0.0364818
0.01 0.072908
0.015 0.109223
0.02 0.145371
0.025 0.181297
0.03 0.216946
0.035 0.252265
0.04 0.287198
0.045 0.321692
0.05 0.355696
0.055 0.389156
0.06 0.422023
0.065 0.454245
0.07 0.485774
0.075 0.516561
0.08 0.546559
0.085 0.575723
0.09 0.604009
0.095 0.631372
0.1 0.657771
0.105 0.683166
0.11 0.707518
0.115 0.73079
0.12 0.752947
0.125 0.773953
0.13 0.793779
0.135 0.812392
0.14 0.829766
0.145 0.845872
0.15 0.860688
0.155 0.874189
0.16 0.886356
0.165 0.897169
0.17 0.906613
0.175 0.914673
0.18 0.921337
0.185 0.926594
0.19 0.930436
0.195 0.932858
0.2 0.933856
0.205 0.933429
0.21 0.931576
0.215 0.928301
0.22 0.923609
0.225 0.917507
0.23 0.910004
0.235 0.901112
0.24 0.890845
0.245 0.879217
0.25 0.866247
0.255 0.851955
0.26 0.836362
0.265 0.819492
0.27 0.801371
0.275 0.782027
0.28 0.761489
0.285 0.739789
0.29 0.716959
0.295 0.693034
0.3 0.668052
0.305 0.642049
0.31 0.615067
0.315 0.587145
0.32 0.558328
0.325 0.528657
0.33 0.49818
0.335 0.466942
0.34 0.434992
0.345 0.402377
0.35 0.369148
0.355 0.335356
0.36 0.301051
0.365 0.266287
0.37 0.231117
0.375 0.195593
0.38 0.159771
0.385 0.123705
0.39 0.0874504
0.395 0.0510621
0.4 0.0145959
0.405 -0.0218927
0.41 -0.0583478
0.415 -0.0947138
0.42 -0.130935
0.425 -0.166957
0.43 -0.202723
0.435 -0.238181
0.44 -0.273274
0.445 -0.307951
0.45 -0.342157
0.455 -0.375841
0.46 -0.408951
0.465 -0.441437
0.47 -0.473249
0.475 -0.504338
0.48 -0.534658
0.485 -0.564161
0.49 -0.592803
0.495 -0.62054
0.5 -0.64733
0.505 -0.673131
0.51 -0.697905
0.515 -0.721613
0.52 -0.74422
0.525 -0.765691
0.53 -0.785992
0.535 -0.805094
0.54 -0.822967
0.545 -0.839583
0.55 -0.854918
0.555 -0.868947
0.56 -0.88165
0.565 -0.893007
0.57 -0.903001
0.575 -0.911616
0.58 -0.91884
0.585 -0.92466
0.59 -0.92907
0.595 -0.93206
0.6 -0.933628
0.605 -0.933771
0.61 -0.932488
0.615 -0.929781
0.62 -0.925655
0.625 -0.920116
0.63 -0.913173
0.635 -0.904835
0.64 -0.895116
0.645 -0.88403
0.65 -0.871595
0.655 -0.857829
0.66 -0.842754
0.665 -0.826392
0.67 -0.808768
0.675 -0.78991
0.68 -0.769846
0.685 -0.748606
0.69 -0.726224
0.695 -0.702733
0.7 -0.678169
0.705 -0.65257
0.71 -0.625975
0.715 -0.598424
0.72 -0.56996
0.725 -0.540625
0.73 -0.510465
0.735 -0.479526
0.74 -0.447855
0.745 -0.4155
0.75 -0.38251
0.755 -0.348937
0.76 -0.314831
0.765 -0.280244
0.77 -0.24523
0.775 -0.209841
0.78 -0.174132
0.785 -0.138157
0.79 -0.101971
0.795 -0.0656298
0.8 -0.029188
0.805 0.00729845
0.81 0.0437738
0.815 0.0801824
0.82 0.116469
0.825 0.152578
0.83 0.188454
0.835 0.224043
0.84 0.259291
0.845 0.294144
0.85 0.32855
0.855 0.362458
0.86 0.395815
0.865 0.428573
0.87 0.460684
0.875 0.492102
0.88 0.522782
0.885 0.552682
0.89 0.581762
0.895 0.609986
0.9 0.637321
0.905 0.663738
0.91 0.689213
0.915 0.713725
0.92 0.737261
0.925 0.759813
0.93 0.781382
0.935 0.801974
0.94 0.821605
0.945 0.840298
0.95 0.858088
0.955 0.875015
0.96 0.891133
0.965 0.906502
0.97 0.921192
0.975 0.935284
0.98 0.948862
0.985 0.962021
0.99 0.974861
0.995 0.987485
1 1
