0 0
0.005 0.0362553
0.01 0.0724552
0.015 0.108545
0.02 0.144468
0.025 0.180171
0.03 0.215599
0.035 0.250698
0.04 0.285414
0.045 0.319695
0.05 0.353487
0.055 0.38674
0.06 0.419402
0.065 0.451424
0.07 0.482757
0.075 0.513353
0.08 0.543165
0.085 0.572148
0.09 0.600258
0.095 0.627451
0.1 0.653686
0.105 0.678923
0.11 0.703124
0.115 0.726252
0.12 0.748271
0.125 0.769147
0.13 0.788849
0.135 0.807347
0.14 0.824613
0.145 0.840619
0.15 0.855343
0.155 0.86876
0.16 0.880851
0.165 0.891598
0.17 0.900983
0.175 0.908993
0.18 0.915615
0.185 0.92084
0.19 0.924658
0.195 0.927065
0.2 0.928057
0.205 0.927632
0.21 0.925791
0.215 0.922536
0.22 0.917873
0.225 0.911809
0.23 0.904353
0.235 0.895516
0.24 0.885312
0.245 0.873757
0.25 0.860867
0.255 0.846664
0.26 0.831168
0.265 0.814403
0.27 0.796395
0.275 0.777171
0.28 0.75676
0.285 0.735194
0.29 0.712506
0.295 0.68873
0.3 0.663903
0.305 0.638062
0.31 0.611247
0.315 0.583499
0.32 0.55486
0.325 0.525374
0.33 0.495086
0.335 0.464043
0.34 0.43229
0.345 0.399878
0.35 0.366856
0.355 0.333273
0.36 0.299182
0.365 0.264633
0.37 0.229681
0.375 0.194378
0.38 0.158779
0.385 0.122937
0.39 0.0869073
0.395 0.050745
0.4 0.0145052
0.405 -0.0217567
0.41 -0.0579854
0.415 -0.0941256
0.42 -0.130122
0.425 -0.16592
0.43 -0.201464
0.435 -0.236701
0.44 -0.271577
0.445 -0.306038
0.45 -0.340032
0.455 -0.373507
0.46 -0.406411
0.465 -0.438695
0.47 -0.47031
0.475 -0.501206
0.48 -0.531337
0.485 -0.560657
0.49 -0.589121
0.495 -0.616686
0.5 -0.64331
0.505 -0.668951
0.51 -0.693571
0.515 -0.717132
0.52 -0.739598
0.525 -0.760936
0.53 -0.781111
0.535 -0.800094
0.54 -0.817856
0.545 -0.834369
0.55 -0.849609
0.555 -0.863551
0.56 -0.876175
0.565 -0.887462
0.57 -0.897393
0.575 -0.905955
0.58 -0.913134
0.585 -0.918918
0.59 -0.9233
0.595 -0.926272
0.6 -0.92783
0.605 -0.927972
0.61 -0.926697
0.615 -0.924007
0.62 -0.919907
0.625 -0.914402
0.63 -0.907502
0.635 -0.899216
0.64 -0.889557
0.645 -0.87854
0.65 -0.866182
0.655 -0.852502
0.66 -0.83752
0.665 -0.82126
0.67 -0.803745
0.675 -0.785004
0.68 -0.765065
0.685 -0.743957
0.69 -0.721714
0.695 -0.698369
0.7 -0.673958
0.705 -0.648518
0.71 -0.622087
0.715 -0.594708
0.72 -0.56642
0.725 -0.537268
0.73 -0.507295
0.735 -0.476548
0.74 -0.445073
0.745 -0.412919
0.75 -0.380135
0.755 -0.34677
0.76 -0.312876
0.765 -0.278504
0.77 -0.243707
0.775 -0.208538
0.78 -0.173051
0.785 -0.137299
0.79 -0.101338
0.795 -0.065222
0.8 -0.0290064
0.805 0.00725355
0.81 0.0435026
0.815 0.0796854
0.82 0.115747
0.825 0.151632
0.83 0.187287
0.835 0.222656
0.84 0.257687
0.845 0.292327
0.85 0.326523
0.855 0.360225
0.86 0.393382
0.865 0.425947
0.87 0.457871
0.875 0.48911
0.88 0.519621
0.885 0.549363
0.89 0.578298
0.895 0.606391
0.9 0.633612
0.905 0.659934
0.91 0.685334
0.915 0.709795
0.92 0.733305
0.925 0.755861
0.93 0.777463
0.935 0.798122
0.94 0.817854
0.945 0.836684
0.95 0.854647
0.955 0.871785
0.96 0.88815
0.965 0.903802
0.97 0.918809
0.975 0.933246
0.98 0.947198
0.985 0.960753
0.99 0.974005
0.995 0.987054
1 1
