0 0
0.005 0.0360323
0.01 0.0720097
0.015 0.107877
0.02 0.14358
0.025 0.179063
0.03 0.214273
0.035 0.249157
0.04 0.283659
0.045 0.317729
0.05 0.351313
0.055 0.384362
0.06 0.416823
0.065 0.448648
0.07 0.479789
0.075 0.510196
0.08 0.539825
0.085 0.56863
0.09 0.596567
0.095 0.623593
0.1 0.649667
0.105 0.674749
0.11 0.698801
0.115 0.721786
0.12 0.74367
0.125 0.764418
0.13 0.783999
0.135 0.802383
0.14 0.819542
0.145 0.83545
0.15 0.850083
0.155 0.863418
0.16 0.875435
0.165 0.886115
0.17 0.895443
0.175 0.903404
0.18 0.909985
0.185 0.915177
0.19 0.918973
0.195 0.921365
0.2 0.92235
0.205 0.921928
0.21 0.920098
0.215 0.916863
0.22 0.912229
0.225 0.906202
0.23 0.898792
0.235 0.89001
0.24 0.879868
0.245 0.868384
0.25 0.855574
0.255 0.841458
0.26 0.826057
0.265 0.809395
0.27 0.791498
0.275 0.772392
0.28 0.752107
0.285 0.730674
0.29 0.708125
0.295 0.684495
0.3 0.659821
0.305 0.634139
0.31 0.607489
0.315 0.579911
0.32 0.551448
0.325 0.522144
0.33 0.492042
0.335 0.461189
0.34 0.429632
0.345 0.397419
0.35 0.3646
0.355 0.331224
0.36 0.297342
0.365 0.263006
0.37 0.228269
0.375 0.193183
0.38 0.157803
0.385 0.122181
0.39 0.0863729
0.395 0.050433
0.4 0.014416
0.405 -0.0216229
0.41 -0.0576289
0.415 -0.0935468
0.42 -0.129322
0.425 -0.1649
0.43 -0.200226
0.435 -0.235246
0.44 -0.269907
0.445 -0.304156
0.45 -0.337941
0.455 -0.37121
0.46 -0.403912
0.465 -0.435998
0.47 -0.467418
0.475 -0.498124
0.48 -0.52807
0.485 -0.55721
0.49 -0.585499
0.495 -0.612894
0.5 -0.639354
0.505 -0.664837
0.51 -0.689306
0.515 -0.712722
0.52 -0.735051
0.525 -0.756257
0.53 -0.776308
0.535 -0.795175
0.54 -0.812827
0.545 -0.829239
0.55 -0.844385
0.555 -0.858241
0.56 -0.870788
0.565 -0.882005
0.57 -0.891875
0.575 -0.900384
0.58 -0.907519
0.585 -0.913268
0.59 -0.917623
0.595 -0.920576
0.6 -0.922125
0.605 -0.922266
0.61 -0.920999
0.615 -0.918326
0.62 -0.91425
0.625 -0.90878
0.63 -0.901921
0.635 -0.893686
0.64 -0.884087
0.645 -0.873138
0.65 -0.860856
0.655 -0.84726
0.66 -0.83237
0.665 -0.81621
0.67 -0.798803
0.675 -0.780177
0.68 -0.76036
0.685 -0.739383
0.69 -0.717276
0.695 -0.694075
0.7 -0.669814
0.705 -0.64453
0.71 -0.618262
0.715 -0.591051
0.72 -0.562937
0.725 -0.533964
0.73 -0.504176
0.735 -0.473618
0.74 -0.442337
0.745 -0.41038
0.75 -0.377797
0.755 -0.344638
0.76 -0.310952
0.765 -0.276792
0.77 -0.242209
0.775 -0.207256
0.78 -0.171987
0.785 -0.136455
0.79 -0.100715
0.795 -0.0648206
0.8 -0.0288275
0.805 0.00720974
0.81 0.0432363
0.815 0.0791972
0.82 0.115038
0.825 0.150703
0.83 0.18614
0.835 0.221294
0.84 0.256113
0.845 0.290544
0.85 0.324535
0.855 0.358037
0.86 0.391
0.865 0.423376
0.87 0.45512
0.875 0.486188
0.88 0.516537
0.885 0.546129
0.89 0.574928
0.895 0.6029
0.9 0.630016
0.905 0.656252
0.91 0.681587
0.915 0.706007
0.92 0.729502
0.925 0.752069
0.93 0.773713
0.935 0.794443
0.94 0.81428
0.945 0.833249
0.95 0.851384
0.955 0.868729
0.96 0.885333
0.965 0.901257
0.97 0.916565
0.975 0.931331
0.98 0.945635
0.985 0.959563
0.99 0.973203
0.995 0.98665
1 1
