0 0
0.005 0.0358108
0.01 0.0715669
0.015 0.107214
0.02 0.142697
0.025 0.177962
0.03 0.212956
0.035 0.247624
0.04 0.281915
0.045 0.315775
0.05 0.349153
0.055 0.381998
0.06 0.41426
0.065 0.44589
0.07 0.476838
0.075 0.507059
0.08 0.536506
0.085 0.565134
0.09 0.592898
0.095 0.619758
0.1 0.645672
0.105 0.6706
0.11 0.694504
0.115 0.717348
0.12 0.739097
0.125 0.759717
0.13 0.779178
0.135 0.797449
0.14 0.814503
0.145 0.830313
0.15 0.844856
0.155 0.858109
0.16 0.870052
0.165 0.880667
0.17 0.889937
0.175 0.897849
0.18 0.90439
0.185 0.90955
0.19 0.913322
0.195 0.915699
0.2 0.916679
0.205 0.916259
0.21 0.91444
0.215 0.911226
0.22 0.90662
0.225 0.90063
0.23 0.893265
0.235 0.884537
0.24 0.874458
0.245 0.863044
0.25 0.850313
0.255 0.836284
0.26 0.820978
0.265 0.804418
0.27 0.786631
0.275 0.767642
0.28 0.747482
0.285 0.726181
0.29 0.703771
0.295 0.680286
0.3 0.655763
0.305 0.630239
0.31 0.603753
0.315 0.576345
0.32 0.548058
0.325 0.518933
0.33 0.489017
0.335 0.458353
0.34 0.426991
0.345 0.394976
0.35 0.362358
0.355 0.329187
0.36 0.295514
0.365 0.261389
0.37 0.226865
0.375 0.191995
0.38 0.156832
0.385 0.12143
0.39 0.0858418
0.395 0.0501228
0.4 0.0143274
0.405 -0.02149
0.41 -0.0572745
0.415 -0.0929716
0.42 -0.128527
0.425 -0.163886
0.43 -0.198994
0.435 -0.233799
0.44 -0.268248
0.445 -0.302286
0.45 -0.335863
0.455 -0.368927
0.46 -0.401429
0.465 -0.433317
0.47 -0.464544
0.475 -0.495061
0.48 -0.524823
0.485 -0.553784
0.49 -0.581899
0.495 -0.609126
0.5 -0.635423
0.505 -0.660749
0.51 -0.685068
0.515 -0.70834
0.52 -0.730531
0.525 -0.751607
0.53 -0.771535
0.535 -0.790285
0.54 -0.807829
0.545 -0.82414
0.55 -0.839193
0.555 -0.852964
0.56 -0.865433
0.565 -0.876581
0.57 -0.886391
0.575 -0.894848
0.58 -0.901938
0.585 -0.907652
0.59 -0.91198
0.595 -0.914916
0.6 -0.916455
0.605 -0.916595
0.61 -0.915336
0.615 -0.912679
0.62 -0.908629
0.625 -0.903192
0.63 -0.896376
0.635 -0.888191
0.64 -0.878651
0.645 -0.867769
0.65 -0.855563
0.655 -0.84205
0.66 -0.827252
0.665 -0.811191
0.67 -0.793891
0.675 -0.77538
0.68 -0.755685
0.685 -0.734836
0.69 -0.712866
0.695 -0.689807
0.7 -0.665695
0.705 -0.640567
0.71 -0.614461
0.715 -0.587417
0.72 -0.559476
0.725 -0.530681
0.73 -0.501075
0.735 -0.470705
0.74 -0.439617
0.745 -0.407857
0.75 -0.375474
0.755 -0.342519
0.76 -0.30904
0.765 -0.27509
0.77 -0.240719
0.775 -0.205981
0.78 -0.170929
0.785 -0.135615
0.79 -0.100095
0.795 -0.0644214
0.8 -0.0286493
0.805 0.00716679
0.81 0.0429724
0.815 0.078713
0.82 0.114334
0.825 0.149782
0.83 0.185004
0.835 0.219945
0.84 0.254553
0.845 0.288778
0.85 0.322567
0.855 0.355872
0.86 0.388644
0.865 0.420837
0.87 0.452406
0.875 0.483308
0.88 0.513502
0.885 0.542951
0.89 0.57162
0.895 0.599478
0.9 0.626497
0.905 0.652656
0.91 0.677935
0.915 0.702321
0.92 0.725808
0.925 0.748394
0.93 0.770085
0.935 0.790893
0.94 0.810838
0.945 0.829946
0.95 0.848253
0.955 0.865801
0.96 0.88264
0.965 0.898827
0.97 0.914426
0.975 0.929508
0.98 0.944149
0.985 0.958432
0.99 0.972441
0.995 0.986267
1 1
