0 0
0.005 0.0355906
0.01 0.0711268
0.015 0.106554
0.02 0.141819
0.025 0.176868
0.03 0.211646
0.035 0.246102
0.04 0.280182
0.045 0.313833
0.05 0.347006
0.055 0.379649
0.06 0.411713
0.065 0.443148
0.07 0.473906
0.075 0.503941
0.08 0.533207
0.085 0.561659
0.09 0.589253
0.095 0.615947
0.1 0.641702
0.105 0.666476
0.11 0.690234
0.115 0.712937
0.12 0.734552
0.125 0.755046
0.13 0.774387
0.135 0.792546
0.14 0.809495
0.145 0.825208
0.15 0.839661
0.155 0.852833
0.16 0.864702
0.165 0.875252
0.17 0.884465
0.175 0.892328
0.18 0.898829
0.185 0.903957
0.19 0.907706
0.195 0.910069
0.2 0.911042
0.205 0.910625
0.21 0.908818
0.215 0.905623
0.22 0.901045
0.225 0.895092
0.23 0.887773
0.235 0.879098
0.24 0.869081
0.245 0.857738
0.25 0.845085
0.255 0.831142
0.26 0.81593
0.265 0.799472
0.27 0.781794
0.275 0.762922
0.28 0.742886
0.285 0.721716
0.29 0.699443
0.295 0.676103
0.3 0.651731
0.305 0.626364
0.31 0.600041
0.315 0.572802
0.32 0.544688
0.325 0.515742
0.33 0.48601
0.335 0.455535
0.34 0.424365
0.345 0.392547
0.35 0.36013
0.355 0.327163
0.36 0.293697
0.365 0.259782
0.37 0.22547
0.375 0.190815
0.38 0.155868
0.385 0.120683
0.39 0.085314
0.395 0.0498146
0.4 0.0142393
0.405 -0.0213578
0.41 -0.0569223
0.415 -0.0923999
0.42 -0.127736
0.425 -0.162878
0.43 -0.197771
0.435 -0.232362
0.44 -0.266598
0.445 -0.300427
0.45 -0.333798
0.455 -0.366659
0.46 -0.39896
0.465 -0.430652
0.47 -0.461687
0.475 -0.492017
0.48 -0.521596
0.485 -0.550378
0.49 -0.578321
0.495 -0.60538
0.5 -0.631515
0.505 -0.656686
0.51 -0.680855
0.515 -0.703984
0.52 -0.726039
0.525 -0.746985
0.53 -0.766791
0.535 -0.785426
0.54 -0.802862
0.545 -0.819072
0.55 -0.834032
0.555 -0.847719
0.56 -0.860112
0.565 -0.871191
0.57 -0.880941
0.575 -0.889346
0.58 -0.896393
0.585 -0.902071
0.59 -0.906372
0.595 -0.90929
0.6 -0.91082
0.605 -0.910959
0.61 -0.909707
0.615 -0.907067
0.62 -0.903042
0.625 -0.897638
0.63 -0.890864
0.635 -0.88273
0.64 -0.873248
0.645 -0.862433
0.65 -0.850302
0.655 -0.836872
0.66 -0.822165
0.665 -0.806203
0.67 -0.78901
0.675 -0.770612
0.68 -0.751038
0.685 -0.730318
0.69 -0.708482
0.695 -0.685565
0.7 -0.661602
0.705 -0.636628
0.71 -0.610682
0.715 -0.583805
0.72 -0.556035
0.725 -0.527417
0.73 -0.497994
0.735 -0.467811
0.74 -0.436913
0.745 -0.405349
0.75 -0.373165
0.755 -0.340412
0.76 -0.30714
0.765 -0.273398
0.77 -0.239239
0.775 -0.204714
0.78 -0.169877
0.785 -0.134781
0.79 -0.0994786
0.795 -0.0640241
0.8 -0.0284716
0.805 0.00712498
0.81 0.0427113
0.815 0.0782335
0.82 0.113637
0.825 0.14887
0.83 0.183877
0.835 0.218608
0.84 0.253009
0.845 0.28703
0.85 0.320621
0.855 0.353733
0.86 0.386318
0.865 0.418332
0.87 0.44973
0.875 0.480471
0.88 0.510516
0.885 0.539828
0.89 0.568375
0.895 0.596126
0.9 0.623056
0.905 0.649145
0.91 0.674375
0.915 0.698736
0.92 0.722221
0.925 0.744833
0.93 0.766576
0.935 0.787465
0.94 0.80752
0.945 0.826769
0.95 0.845246
0.955 0.862994
0.96 0.880061
0.965 0.896503
0.97 0.912383
0.975 0.927768
0.98 0.942733
0.985 0.957354
0.99 0.971716
0.995 0.985902
1 1
