0 0
0.005 0.0353717
0.01 0.0706895
0.015 0.105899
0.02 0.140947
0.025 0.17578
0.03 0.210345
0.035 0.244589
0.04 0.278459
0.045 0.311904
0.05 0.344873
0.055 0.377315
0.06 0.409181
0.065 0.440423
0.07 0.470992
0.075 0.500843
0.08 0.529928
0.085 0.558205
0.09 0.585629
0.095 0.61216
0.1 0.637756
0.105 0.662378
0.11 0.685989
0.115 0.708553
0.12 0.730035
0.125 0.750403
0.13 0.769625
0.135 0.787672
0.14 0.804517
0.145 0.820134
0.15 0.834498
0.155 0.847589
0.16 0.859385
0.165 0.86987
0.17 0.879026
0.175 0.886841
0.18 0.893302
0.185 0.898399
0.19 0.902124
0.195 0.904473
0.2 0.90544
0.205 0.905026
0.21 0.903229
0.215 0.900054
0.22 0.895505
0.225 0.889588
0.23 0.882314
0.235 0.873693
0.24 0.863737
0.245 0.852464
0.25 0.839888
0.255 0.826031
0.26 0.810912
0.265 0.794556
0.27 0.776987
0.275 0.758231
0.28 0.738318
0.285 0.717278
0.29 0.695143
0.295 0.671946
0.3 0.647724
0.305 0.622513
0.31 0.596351
0.315 0.569279
0.32 0.541338
0.325 0.512571
0.33 0.483021
0.335 0.452734
0.34 0.421756
0.345 0.390133
0.35 0.357915
0.355 0.325151
0.36 0.291891
0.365 0.258184
0.37 0.224084
0.375 0.189641
0.38 0.154909
0.385 0.119941
0.39 0.0847894
0.395 0.0495083
0.4 0.0141517
0.405 -0.0212265
0.41 -0.0565723
0.415 -0.0918318
0.42 -0.126951
0.425 -0.161876
0.43 -0.196555
0.435 -0.230933
0.44 -0.264959
0.445 -0.29858
0.45 -0.331745
0.455 -0.364404
0.46 -0.396507
0.465 -0.428004
0.47 -0.458848
0.475 -0.488992
0.48 -0.518389
0.485 -0.546994
0.49 -0.574765
0.495 -0.601658
0.5 -0.627632
0.505 -0.652649
0.51 -0.676669
0.515 -0.699656
0.52 -0.721574
0.525 -0.742392
0.53 -0.762076
0.535 -0.780596
0.54 -0.797925
0.545 -0.814036
0.55 -0.828904
0.555 -0.842507
0.56 -0.854823
0.565 -0.865834
0.57 -0.875524
0.575 -0.883877
0.58 -0.890881
0.585 -0.896524
0.59 -0.900799
0.595 -0.903699
0.6 -0.905219
0.605 -0.905357
0.61 -0.904114
0.615 -0.901489
0.62 -0.897489
0.625 -0.892118
0.63 -0.885386
0.635 -0.877302
0.64 -0.867879
0.645 -0.85713
0.65 -0.845073
0.655 -0.831726
0.66 -0.81711
0.665 -0.801246
0.67 -0.784158
0.675 -0.765874
0.68 -0.74642
0.685 -0.725827
0.69 -0.704126
0.695 -0.68135
0.7 -0.657533
0.705 -0.632713
0.71 -0.606927
0.715 -0.580215
0.72 -0.552616
0.725 -0.524174
0.73 -0.494932
0.735 -0.464934
0.74 -0.434227
0.745 -0.402856
0.75 -0.370871
0.755 -0.338319
0.76 -0.305251
0.765 -0.271717
0.77 -0.237767
0.775 -0.203455
0.78 -0.168832
0.785 -0.133951
0.79 -0.0988657
0.795 -0.0636287
0.8 -0.028294
0.805 0.00708462
0.81 0.0424535
0.815 0.0777589
0.82 0.112948
0.825 0.147966
0.83 0.182763
0.835 0.217285
0.84 0.251482
0.845 0.285302
0.85 0.318698
0.855 0.35162
0.86 0.384024
0.865 0.415863
0.87 0.447096
0.875 0.477681
0.88 0.507582
0.885 0.536764
0.89 0.565194
0.895 0.592845
0.9 0.619694
0.905 0.645719
0.91 0.670907
0.915 0.695249
0.92 0.718739
0.925 0.74138
0.93 0.76318
0.935 0.784153
0.94 0.80432
0.945 0.823709
0.95 0.842354
0.955 0.860298
0.96 0.877588
0.965 0.894277
0.97 0.910428
0.975 0.926105
0.98 0.941379
0.985 0.956326
0.99 0.971024
0.995 0.985554
1 1
