0 0
0.005 0.0351542
0.01 0.0702548
0.015 0.105248
0.02 0.140081
0.025 0.1747
0.03 0.209052
0.035 0.243085
0.04 0.276746
0.045 0.309986
0.05 0.342752
0.055 0.374995
0.06 0.406665
0.065 0.437715
0.07 0.468096
0.075 0.497763
0.08 0.52667
0.085 0.554773
0.09 0.582028
0.095 0.608396
0.1 0.633834
0.105 0.658305
0.11 0.681771
0.115 0.704196
0.12 0.725546
0.125 0.745789
0.13 0.764893
0.135 0.782829
0.14 0.79957
0.145 0.815091
0.15 0.829367
0.155 0.842377
0.16 0.854101
0.165 0.864521
0.17 0.873621
0.175 0.881388
0.18 0.887809
0.185 0.892875
0.19 0.896577
0.195 0.898911
0.2 0.899873
0.205 0.899461
0.21 0.897675
0.215 0.89452
0.22 0.889998
0.225 0.884118
0.23 0.876889
0.235 0.86832
0.24 0.858426
0.245 0.847222
0.25 0.834724
0.255 0.820952
0.26 0.805926
0.265 0.78967
0.27 0.772209
0.275 0.753569
0.28 0.733778
0.285 0.712867
0.29 0.690868
0.295 0.667814
0.3 0.643741
0.305 0.618685
0.31 0.592684
0.315 0.565779
0.32 0.53801
0.325 0.509419
0.33 0.480051
0.335 0.44995
0.34 0.419162
0.345 0.387734
0.35 0.355715
0.355 0.323152
0.36 0.290096
0.365 0.256597
0.37 0.222706
0.375 0.188475
0.38 0.153957
0.385 0.119203
0.39 0.084268
0.395 0.0492039
0.4 0.0140647
0.405 -0.021096
0.41 -0.0562245
0.415 -0.0912671
0.42 -0.12617
0.425 -0.160881
0.43 -0.195346
0.435 -0.229513
0.44 -0.26333
0.445 -0.296744
0.45 -0.329706
0.455 -0.362164
0.46 -0.394069
0.465 -0.425373
0.47 -0.456027
0.475 -0.485985
0.48 -0.515201
0.485 -0.543631
0.49 -0.57123
0.495 -0.597958
0.5 -0.623773
0.505 -0.648635
0.51 -0.672508
0.515 -0.695353
0.52 -0.717138
0.525 -0.737827
0.53 -0.75739
0.535 -0.775796
0.54 -0.793019
0.545 -0.809031
0.55 -0.823807
0.555 -0.837326
0.56 -0.849567
0.565 -0.86051
0.57 -0.87014
0.575 -0.878442
0.58 -0.885403
0.585 -0.891012
0.59 -0.89526
0.595 -0.898142
0.6 -0.899653
0.605 -0.89979
0.61 -0.898554
0.615 -0.895946
0.62 -0.89197
0.625 -0.886633
0.63 -0.879942
0.635 -0.871907
0.64 -0.862542
0.645 -0.85186
0.65 -0.839877
0.655 -0.826612
0.66 -0.812085
0.665 -0.796319
0.67 -0.779337
0.675 -0.761165
0.68 -0.741831
0.685 -0.721364
0.69 -0.699796
0.695 -0.67716
0.7 -0.65349
0.705 -0.628823
0.71 -0.603195
0.715 -0.576647
0.72 -0.549218
0.725 -0.520951
0.73 -0.491889
0.735 -0.462076
0.74 -0.431557
0.745 -0.400379
0.75 -0.36859
0.755 -0.336239
0.76 -0.303374
0.765 -0.270046
0.77 -0.236305
0.775 -0.202204
0.78 -0.167793
0.785 -0.133126
0.79 -0.0982558
0.795 -0.0632348
0.8 -0.0281163
0.805 0.00704609
0.81 0.0421993
0.815 0.07729
0.82 0.112265
0.825 0.147073
0.83 0.181661
0.835 0.215977
0.84 0.249972
0.845 0.283596
0.85 0.316799
0.855 0.349536
0.86 0.381761
0.865 0.413431
0.87 0.444503
0.875 0.474939
0.88 0.504702
0.885 0.533759
0.89 0.562079
0.895 0.589636
0.9 0.616409
0.905 0.642378
0.91 0.66753
0.915 0.691857
0.92 0.715357
0.925 0.738032
0.93 0.759892
0.935 0.780951
0.94 0.80123
0.945 0.820759
0.95 0.83957
0.955 0.857706
0.96 0.875212
0.965 0.892142
0.97 0.908554
0.975 0.924512
0.98 0.940084
0.985 0.955342
0.99 0.970362
0.995 0.985221
1 1
