0 0
0.005 0.0349381
0.01 0.0698228
0.015 0.104601
0.02 0.139219
0.025 0.173625
0.03 0.207766
0.035 0.24159
0.04 0.275045
0.045 0.30808
0.05 0.340644
0.055 0.372689
0.06 0.404165
0.065 0.435023
0.07 0.465218
0.075 0.494702
0.08 0.523431
0.085 0.551361
0.09 0.57845
0.095 0.604655
0.1 0.629937
0.105 0.654257
0.11 0.677579
0.115 0.699866
0.12 0.721085
0.125 0.741203
0.13 0.76019
0.135 0.778016
0.14 0.794654
0.145 0.810079
0.15 0.824267
0.155 0.837197
0.16 0.848849
0.165 0.859205
0.17 0.868249
0.175 0.875968
0.18 0.88235
0.185 0.887384
0.19 0.891064
0.195 0.893384
0.2 0.89434
0.205 0.89393
0.21 0.892156
0.215 0.889019
0.22 0.884526
0.225 0.878682
0.23 0.871497
0.235 0.862981
0.24 0.853148
0.245 0.842012
0.25 0.829591
0.255 0.815904
0.26 0.800971
0.265 0.784815
0.27 0.767461
0.275 0.748935
0.28 0.729266
0.285 0.708484
0.29 0.68662
0.295 0.663708
0.3 0.639783
0.305 0.614881
0.31 0.58904
0.315 0.5623
0.32 0.534702
0.325 0.506287
0.33 0.477099
0.335 0.447183
0.34 0.416585
0.345 0.38535
0.35 0.353527
0.355 0.321165
0.36 0.288312
0.365 0.255019
0.37 0.221337
0.375 0.187316
0.38 0.15301
0.385 0.11847
0.39 0.0837499
0.395 0.0489014
0.4 0.0139782
0.405 -0.0209663
0.41 -0.0558787
0.415 -0.0907059
0.42 -0.125395
0.425 -0.159892
0.43 -0.194145
0.435 -0.228102
0.44 -0.26171
0.445 -0.294919
0.45 -0.327678
0.455 -0.359937
0.46 -0.391646
0.465 -0.422757
0.47 -0.453223
0.475 -0.482997
0.48 -0.512033
0.485 -0.540288
0.49 -0.567718
0.495 -0.594281
0.5 -0.619937
0.505 -0.644647
0.51 -0.668373
0.515 -0.691078
0.52 -0.712728
0.525 -0.73329
0.53 -0.752733
0.535 -0.771026
0.54 -0.788143
0.545 -0.804056
0.55 -0.818742
0.555 -0.832177
0.56 -0.844343
0.565 -0.855219
0.57 -0.86479
0.575 -0.873041
0.58 -0.879958
0.585 -0.885533
0.59 -0.889755
0.595 -0.89262
0.6 -0.894121
0.605 -0.894258
0.61 -0.893029
0.615 -0.890437
0.62 -0.886486
0.625 -0.881181
0.63 -0.874531
0.635 -0.866546
0.64 -0.857238
0.645 -0.846622
0.65 -0.834713
0.655 -0.821529
0.66 -0.807092
0.665 -0.791422
0.67 -0.774544
0.675 -0.756484
0.68 -0.737269
0.685 -0.716928
0.69 -0.695493
0.695 -0.672996
0.7 -0.649472
0.705 -0.624956
0.71 -0.599486
0.715 -0.573101
0.72 -0.545841
0.725 -0.517748
0.73 -0.488864
0.735 -0.459234
0.74 -0.428903
0.745 -0.397917
0.75 -0.366324
0.755 -0.334171
0.76 -0.301508
0.765 -0.268384
0.77 -0.234851
0.775 -0.200959
0.78 -0.16676
0.785 -0.132306
0.79 -0.0976488
0.795 -0.062842
0.8 -0.0279382
0.805 0.00700983
0.81 0.0419492
0.815 0.0768272
0.82 0.111592
0.825 0.14619
0.83 0.180572
0.835 0.214685
0.84 0.248482
0.845 0.281911
0.85 0.314927
0.855 0.347483
0.86 0.379534
0.865 0.411037
0.87 0.441954
0.875 0.472245
0.88 0.501875
0.885 0.530813
0.89 0.55903
0.895 0.586499
0.9 0.613201
0.905 0.639119
0.91 0.664241
0.915 0.68856
0.92 0.712073
0.925 0.734786
0.93 0.756708
0.935 0.777854
0.94 0.798247
0.945 0.817913
0.95 0.836888
0.955 0.855211
0.96 0.872928
0.965 0.89009
0.97 0.906755
0.975 0.922984
0.98 0.938842
0.985 0.954399
0.99 0.969727
0.995 0.984902
1 1
