0 0
0.005 0.0388004
0.01 0.0775417
0.015 0.116165
0.02 0.15461
0.025 0.192819
0.03 0.230735
0.035 0.268297
0.04 0.305451
0.045 0.342138
0.05 0.378302
0.055 0.413889
0.06 0.448845
0.065 0.483115
0.07 0.516647
0.075 0.549391
0.08 0.581296
0.085 0.612314
0.09 0.642397
0.095 0.671499
0.1 0.699576
0.105 0.726585
0.11 0.752485
0.115 0.777236
0.12 0.8008
0.125 0.823142
0.13 0.844228
0.135 0.864024
0.14 0.882502
0.145 0.899632
0.15 0.915389
0.155 0.929748
0.16 0.942688
0.165 0.954189
0.17 0.964234
0.175 0.972806
0.18 0.979893
0.185 0.985484
0.19 0.989571
0.195 0.992147
0.2 0.993208
0.205 0.992753
0.21 0.990783
0.215 0.9873
0.22 0.982309
0.225 0.975819
0.23 0.96784
0.235 0.958383
0.24 0.947462
0.245 0.935096
0.25 0.921302
0.255 0.906101
0.26 0.889517
0.265 0.871575
0.27 0.852303
0.275 0.831729
0.28 0.809886
0.285 0.786806
0.29 0.762525
0.295 0.73708
0.3 0.71051
0.305 0.682855
0.31 0.654158
0.315 0.624462
0.32 0.593812
0.325 0.562256
0.33 0.529842
0.335 0.496619
0.34 0.462638
0.345 0.42795
0.35 0.39261
0.355 0.356669
0.36 0.320185
0.365 0.283211
0.37 0.245805
0.375 0.208024
0.38 0.169925
0.385 0.131567
0.39 0.0930083
0.395 0.0543074
0.4 0.0155235
0.405 -0.0232841
0.41 -0.0620561
0.415 -0.100733
0.42 -0.139257
0.425 -0.177568
0.43 -0.215608
0.435 -0.253318
0.44 -0.290642
0.445 -0.327522
0.45 -0.363903
0.455 -0.399727
0.46 -0.434942
0.465 -0.469492
0.47 -0.503326
0.475 -0.536391
0.48 -0.568638
0.485 -0.600016
0.49 -0.630479
0.495 -0.659978
0.5 -0.688471
0.505 -0.715912
0.51 -0.74226
0.515 -0.767476
0.52 -0.791519
0.525 -0.814354
0.53 -0.835946
0.535 -0.856262
0.54 -0.875271
0.545 -0.892943
0.55 -0.909253
0.555 -0.924174
0.56 -0.937684
0.565 -0.949763
0.57 -0.960392
0.575 -0.969554
0.58 -0.977237
0.585 -0.983428
0.59 -0.988117
0.595 -0.991298
0.6 -0.992965
0.605 -0.993117
0.61 -0.991752
0.615 -0.988874
0.62 -0.984486
0.625 -0.978595
0.63 -0.97121
0.635 -0.962342
0.64 -0.952005
0.645 -0.940215
0.65 -0.926989
0.655 -0.912349
0.66 -0.896315
0.665 -0.878913
0.67 -0.86017
0.675 -0.840113
0.68 -0.818773
0.685 -0.796184
0.69 -0.772379
0.695 -0.747395
0.7 -0.721271
0.705 -0.694045
0.71 -0.665759
0.715 -0.636457
0.72 -0.606184
0.725 -0.574985
0.73 -0.542908
0.735 -0.510002
0.74 -0.476318
0.745 -0.441907
0.75 -0.406821
0.755 -0.371114
0.76 -0.33484
0.765 -0.298056
0.77 -0.260816
0.775 -0.223178
0.78 -0.185199
0.785 -0.146938
0.79 -0.108452
0.795 -0.069801
0.8 -0.0310432
0.805 0.00776199
0.81 0.0465553
0.815 0.0852776
0.82 0.12387
0.825 0.162273
0.83 0.200428
0.835 0.238277
0.84 0.275763
0.845 0.312827
0.85 0.349414
0.855 0.385468
0.86 0.420933
0.865 0.455755
0.87 0.489882
0.875 0.523261
0.88 0.555841
0.885 0.587572
0.89 0.618407
0.895 0.648297
0.9 0.677198
0.905 0.705064
0.91 0.731855
0.915 0.757528
0.92 0.782045
0.925 0.805368
0.93 0.827461
0.935 0.848291
0.94 0.867826
0.945 0.886037
0.95 0.902896
0.955 0.91838
0.96 0.932468
0.965 0.945152
0.97 0.956435
0.975 0.966348
0.98 0.97496
0.985 0.982399
0.99 0.98886
0.995 0.994616
1 1
