0 0
0.005 0.0347232
0.01 0.0693935
0.015 0.103958
0.02 0.138363
0.025 0.172558
0.03 0.206489
0.035 0.240104
0.04 0.273354
0.045 0.306185
0.05 0.33855
0.055 0.370397
0.06 0.40168
0.065 0.432348
0.07 0.462357
0.075 0.49166
0.08 0.520213
0.085 0.547971
0.09 0.574893
0.095 0.600937
0.1 0.626064
0.105 0.650234
0.11 0.673413
0.115 0.695563
0.12 0.716651
0.125 0.736646
0.13 0.755515
0.135 0.773232
0.14 0.789767
0.145 0.805098
0.15 0.819199
0.155 0.832049
0.16 0.84363
0.165 0.853922
0.17 0.862911
0.175 0.870582
0.18 0.876924
0.185 0.881928
0.19 0.885585
0.195 0.887891
0.2 0.88884
0.205 0.888433
0.21 0.88667
0.215 0.883553
0.22 0.879087
0.225 0.873279
0.23 0.866138
0.235 0.857675
0.24 0.847902
0.245 0.836835
0.25 0.82449
0.255 0.810887
0.26 0.796046
0.265 0.779989
0.27 0.762742
0.275 0.74433
0.28 0.724782
0.285 0.704128
0.29 0.682398
0.295 0.659627
0.3 0.635849
0.305 0.6111
0.31 0.585418
0.315 0.558842
0.32 0.531414
0.325 0.503174
0.33 0.474166
0.335 0.444434
0.34 0.414023
0.345 0.382981
0.35 0.351354
0.355 0.31919
0.36 0.286539
0.365 0.253451
0.37 0.219976
0.375 0.186165
0.38 0.152069
0.385 0.117742
0.39 0.0832349
0.395 0.0486007
0.4 0.0138923
0.405 -0.0208373
0.41 -0.0555351
0.415 -0.0901482
0.42 -0.124624
0.425 -0.158909
0.43 -0.192951
0.435 -0.226699
0.44 -0.260101
0.445 -0.293106
0.45 -0.325663
0.455 -0.357724
0.46 -0.389238
0.465 -0.420157
0.47 -0.450436
0.475 -0.480027
0.48 -0.508885
0.485 -0.536966
0.49 -0.564227
0.495 -0.590627
0.5 -0.616125
0.505 -0.640683
0.51 -0.664263
0.515 -0.686828
0.52 -0.708345
0.525 -0.728781
0.53 -0.748104
0.535 -0.766285
0.54 -0.783296
0.545 -0.799112
0.55 -0.813707
0.555 -0.82706
0.56 -0.839151
0.565 -0.849961
0.57 -0.859472
0.575 -0.867672
0.58 -0.874548
0.585 -0.880088
0.59 -0.884284
0.595 -0.887131
0.6 -0.888623
0.605 -0.888759
0.61 -0.887538
0.615 -0.884962
0.62 -0.881035
0.625 -0.875763
0.63 -0.869154
0.635 -0.861218
0.64 -0.851967
0.645 -0.841416
0.65 -0.82958
0.655 -0.816478
0.66 -0.802129
0.665 -0.786556
0.67 -0.769782
0.675 -0.751833
0.68 -0.732736
0.685 -0.71252
0.69 -0.691217
0.695 -0.668858
0.7 -0.645479
0.705 -0.621113
0.71 -0.5958
0.715 -0.569577
0.72 -0.542485
0.725 -0.514564
0.73 -0.485858
0.735 -0.45641
0.74 -0.426266
0.745 -0.39547
0.75 -0.364071
0.755 -0.332116
0.76 -0.299653
0.765 -0.266733
0.77 -0.233406
0.775 -0.199722
0.78 -0.165732
0.785 -0.131489
0.79 -0.0970443
0.795 -0.0624502
0.8 -0.0277592
0.805 0.00697629
0.81 0.0417038
0.815 0.0763713
0.82 0.110927
0.825 0.145319
0.83 0.179497
0.835 0.213411
0.84 0.247011
0.845 0.280251
0.85 0.313082
0.855 0.34546
0.86 0.377341
0.865 0.408684
0.87 0.43945
0.875 0.469601
0.88 0.499104
0.885 0.527928
0.89 0.556046
0.895 0.583433
0.9 0.610071
0.905 0.635943
0.91 0.661039
0.915 0.685353
0.92 0.708884
0.925 0.731637
0.93 0.753623
0.935 0.774858
0.94 0.795363
0.945 0.815166
0.95 0.834301
0.955 0.852807
0.96 0.870729
0.965 0.888117
0.97 0.905026
0.975 0.921516
0.98 0.93765
0.985 0.953494
0.99 0.969119
0.995 0.984597
1 1
