0 0
0.005 0.0345097
0.01 0.0689668
0.015 0.103319
0.02 0.137513
0.025 0.171497
0.03 0.205219
0.035 0.238628
0.04 0.271673
0.045 0.304303
0.05 0.336468
0.055 0.36812
0.06 0.39921
0.065 0.42969
0.07 0.459514
0.075 0.488637
0.08 0.517014
0.085 0.544602
0.09 0.571358
0.095 0.597242
0.1 0.622214
0.105 0.646236
0.11 0.669272
0.115 0.691286
0.12 0.712245
0.125 0.732116
0.13 0.75087
0.135 0.768477
0.14 0.784911
0.145 0.800147
0.15 0.814162
0.155 0.826933
0.16 0.838442
0.165 0.848671
0.17 0.857605
0.175 0.865229
0.18 0.871532
0.185 0.876505
0.19 0.88014
0.195 0.882431
0.2 0.883375
0.205 0.88297
0.21 0.881218
0.215 0.87812
0.22 0.873682
0.225 0.867909
0.23 0.860812
0.235 0.852401
0.24 0.842688
0.245 0.831689
0.25 0.81942
0.255 0.805901
0.26 0.791151
0.265 0.775193
0.27 0.758052
0.275 0.739753
0.28 0.720325
0.285 0.699798
0.29 0.678202
0.295 0.655571
0.3 0.631939
0.305 0.607342
0.31 0.581818
0.315 0.555406
0.32 0.528146
0.325 0.50008
0.33 0.47125
0.335 0.441701
0.34 0.411478
0.345 0.380626
0.35 0.349193
0.355 0.317227
0.36 0.284777
0.365 0.251892
0.37 0.218623
0.375 0.18502
0.38 0.151134
0.385 0.117018
0.39 0.0827231
0.395 0.0483018
0.4 0.0138068
0.405 -0.0207092
0.41 -0.0551937
0.415 -0.0895938
0.42 -0.123857
0.425 -0.157932
0.43 -0.191765
0.435 -0.225305
0.44 -0.258502
0.445 -0.291304
0.45 -0.323661
0.455 -0.355524
0.46 -0.386844
0.465 -0.417574
0.47 -0.447666
0.475 -0.477075
0.48 -0.505756
0.485 -0.533664
0.49 -0.560758
0.495 -0.586995
0.5 -0.612337
0.505 -0.636744
0.51 -0.660178
0.515 -0.682605
0.52 -0.70399
0.525 -0.7243
0.53 -0.743504
0.535 -0.761573
0.54 -0.77848
0.545 -0.794198
0.55 -0.808704
0.555 -0.821975
0.56 -0.833991
0.565 -0.844734
0.57 -0.854188
0.575 -0.862337
0.58 -0.86917
0.585 -0.874676
0.59 -0.878847
0.595 -0.881676
0.6 -0.883159
0.605 -0.883294
0.61 -0.88208
0.615 -0.87952
0.62 -0.875617
0.625 -0.870378
0.63 -0.863809
0.635 -0.855922
0.64 -0.846729
0.645 -0.836242
0.65 -0.824479
0.655 -0.811457
0.66 -0.797197
0.665 -0.781719
0.67 -0.765049
0.675 -0.74721
0.68 -0.72823
0.685 -0.708139
0.69 -0.686967
0.695 -0.664745
0.7 -0.64151
0.705 -0.617294
0.71 -0.592137
0.715 -0.566075
0.72 -0.539149
0.725 -0.5114
0.73 -0.482871
0.735 -0.453604
0.74 -0.423644
0.745 -0.393038
0.75 -0.361832
0.755 -0.330073
0.76 -0.29781
0.765 -0.265092
0.77 -0.231969
0.775 -0.198491
0.78 -0.16471
0.785 -0.130676
0.79 -0.0964421
0.795 -0.0620589
0.8 -0.0275789
0.805 0.00694596
0.81 0.0414637
0.815 0.0759228
0.82 0.110272
0.825 0.14446
0.83 0.178437
0.835 0.212154
0.84 0.245562
0.845 0.278614
0.85 0.311265
0.855 0.343469
0.86 0.375185
0.865 0.406371
0.87 0.436991
0.875 0.467007
0.88 0.496388
0.885 0.525104
0.89 0.553128
0.895 0.580438
0.9 0.607016
0.905 0.632847
0.91 0.657921
0.915 0.682234
0.92 0.705786
0.925 0.728582
0.93 0.750634
0.935 0.771957
0.94 0.792574
0.945 0.812512
0.95 0.831804
0.955 0.850489
0.96 0.868611
0.965 0.886218
0.97 0.903363
0.975 0.920105
0.98 0.936504
0.985 0.952625
0.99 0.968535
0.995 0.984303
1 1
