0 0
0.005 0.0342975
0.01 0.0685427
0.015 0.102683
0.02 0.136667
0.025 0.170442
0.03 0.203957
0.035 0.237161
0.04 0.270002
0.045 0.302432
0.05 0.334399
0.055 0.365856
0.06 0.396755
0.065 0.427048
0.07 0.456689
0.075 0.485633
0.08 0.513835
0.085 0.541253
0.09 0.567845
0.095 0.593569
0.1 0.618388
0.105 0.642263
0.11 0.665157
0.115 0.687035
0.12 0.707865
0.125 0.727614
0.13 0.746253
0.135 0.763752
0.14 0.780085
0.145 0.795227
0.15 0.809155
0.155 0.821848
0.16 0.833287
0.165 0.843453
0.17 0.852331
0.175 0.859909
0.18 0.866173
0.185 0.871116
0.19 0.874728
0.195 0.877005
0.2 0.877943
0.205 0.877541
0.21 0.875799
0.215 0.87272
0.22 0.868309
0.225 0.862573
0.23 0.855519
0.235 0.84716
0.24 0.837507
0.245 0.826575
0.25 0.814382
0.255 0.800945
0.26 0.786286
0.265 0.770426
0.27 0.75339
0.275 0.735204
0.28 0.715896
0.285 0.695495
0.29 0.674032
0.295 0.65154
0.3 0.628053
0.305 0.603608
0.31 0.578241
0.315 0.551991
0.32 0.524899
0.325 0.497005
0.33 0.468352
0.335 0.438985
0.34 0.408947
0.345 0.378285
0.35 0.347046
0.355 0.315277
0.36 0.283026
0.365 0.250344
0.37 0.217279
0.375 0.183882
0.38 0.150205
0.385 0.116298
0.39 0.0822144
0.395 0.0480048
0.4 0.0137219
0.405 -0.0205819
0.41 -0.0548543
0.415 -0.0890429
0.42 -0.123096
0.425 -0.15696
0.43 -0.190586
0.435 -0.22392
0.44 -0.256912
0.445 -0.289512
0.45 -0.321671
0.455 -0.353338
0.46 -0.384466
0.465 -0.415006
0.47 -0.444914
0.475 -0.474142
0.48 -0.502646
0.485 -0.530383
0.49 -0.55731
0.495 -0.583386
0.5 -0.608572
0.505 -0.632828
0.51 -0.656119
0.515 -0.678408
0.52 -0.699661
0.525 -0.719846
0.53 -0.738932
0.535 -0.756891
0.54 -0.773693
0.545 -0.789315
0.55 -0.803731
0.555 -0.816921
0.56 -0.828863
0.565 -0.83954
0.57 -0.848935
0.575 -0.857035
0.58 -0.863826
0.585 -0.869298
0.59 -0.873443
0.595 -0.876255
0.6 -0.877729
0.605 -0.877863
0.61 -0.876657
0.615 -0.874112
0.62 -0.870233
0.625 -0.865026
0.63 -0.858498
0.635 -0.850659
0.64 -0.841522
0.645 -0.8311
0.65 -0.819409
0.655 -0.806468
0.66 -0.792295
0.665 -0.776913
0.67 -0.760344
0.675 -0.742615
0.68 -0.723752
0.685 -0.703785
0.69 -0.682742
0.695 -0.660658
0.7 -0.637565
0.705 -0.613499
0.71 -0.588496
0.715 -0.562594
0.72 -0.535834
0.725 -0.508256
0.73 -0.479901
0.735 -0.450814
0.74 -0.421039
0.745 -0.390621
0.75 -0.359606
0.755 -0.328042
0.76 -0.295977
0.765 -0.26346
0.77 -0.23054
0.775 -0.197268
0.78 -0.163693
0.785 -0.129867
0.79 -0.0958417
0.795 -0.0616677
0.8 -0.0273968
0.805 0.00691938
0.81 0.0412295
0.815 0.0754824
0.82 0.109627
0.825 0.143614
0.83 0.177393
0.835 0.210916
0.84 0.244135
0.845 0.277004
0.85 0.309477
0.855 0.341512
0.86 0.373066
0.865 0.4041
0.87 0.434578
0.875 0.464465
0.88 0.493728
0.885 0.52234
0.89 0.550276
0.895 0.577513
0.9 0.604035
0.905 0.629829
0.91 0.654886
0.915 0.679201
0.92 0.702776
0.925 0.725617
0.93 0.747736
0.935 0.769148
0.94 0.789875
0.945 0.809946
0.95 0.829392
0.955 0.848252
0.96 0.866568
0.965 0.884387
0.97 0.901761
0.975 0.918746
0.98 0.935401
0.985 0.951789
0.99 0.967973
0.995 0.984021
1 1
