0 0
0.005 0.0340866
0.01 0.0681213
0.015 0.102052
0.02 0.135827
0.025 0.169394
0.03 0.202703
0.035 0.235702
0.04 0.268342
0.045 0.300572
0.05 0.332343
0.055 0.363607
0.06 0.394315
0.065 0.424422
0.07 0.453881
0.075 0.482646
0.08 0.510675
0.085 0.537925
0.09 0.564353
0.095 0.58992
0.1 0.614586
0.105 0.638313
0.11 0.661067
0.115 0.682811
0.12 0.703512
0.125 0.72314
0.13 0.741664
0.135 0.759055
0.14 0.775288
0.145 0.790337
0.15 0.80418
0.155 0.816795
0.16 0.828163
0.165 0.838266
0.17 0.84709
0.175 0.854621
0.18 0.860847
0.185 0.865759
0.19 0.869349
0.195 0.871612
0.2 0.872545
0.205 0.872145
0.21 0.870414
0.215 0.867354
0.22 0.86297
0.225 0.857269
0.23 0.850259
0.235 0.84195
0.24 0.832357
0.245 0.821493
0.25 0.809374
0.255 0.79602
0.26 0.781451
0.265 0.765689
0.27 0.748758
0.275 0.730684
0.28 0.711494
0.285 0.691218
0.29 0.669887
0.295 0.647534
0.3 0.624191
0.305 0.599896
0.31 0.574685
0.315 0.548597
0.32 0.521671
0.325 0.493949
0.33 0.465473
0.335 0.436286
0.34 0.406433
0.345 0.375959
0.35 0.344912
0.355 0.313338
0.36 0.281286
0.365 0.248804
0.37 0.215943
0.375 0.182752
0.38 0.149281
0.385 0.115583
0.39 0.0817089
0.395 0.0477096
0.4 0.0136376
0.405 -0.0204553
0.41 -0.054517
0.415 -0.0884954
0.42 -0.122339
0.425 -0.155995
0.43 -0.189414
0.435 -0.222543
0.44 -0.255333
0.445 -0.287732
0.45 -0.319693
0.455 -0.351165
0.46 -0.382101
0.465 -0.412454
0.47 -0.442178
0.475 -0.471226
0.48 -0.499555
0.485 -0.527121
0.49 -0.553883
0.495 -0.579799
0.5 -0.60483
0.505 -0.628937
0.51 -0.652085
0.515 -0.674236
0.52 -0.695359
0.525 -0.71542
0.53 -0.734389
0.535 -0.752236
0.54 -0.768936
0.545 -0.784461
0.55 -0.798789
0.555 -0.811897
0.56 -0.823766
0.565 -0.834378
0.57 -0.843715
0.575 -0.851765
0.58 -0.858514
0.585 -0.863953
0.59 -0.868072
0.595 -0.870867
0.6 -0.872332
0.605 -0.872465
0.61 -0.871266
0.615 -0.868737
0.62 -0.864882
0.625 -0.859707
0.63 -0.853219
0.635 -0.845429
0.64 -0.836348
0.645 -0.82599
0.65 -0.814371
0.655 -0.801509
0.66 -0.787423
0.665 -0.772136
0.67 -0.755669
0.675 -0.738049
0.68 -0.719302
0.685 -0.699457
0.69 -0.678544
0.695 -0.656596
0.7 -0.633645
0.705 -0.609726
0.71 -0.584877
0.715 -0.559135
0.72 -0.532539
0.725 -0.50513
0.73 -0.47695
0.735 -0.448042
0.74 -0.418449
0.745 -0.388218
0.75 -0.357394
0.755 -0.326024
0.76 -0.294156
0.765 -0.261838
0.77 -0.229119
0.775 -0.19605
0.78 -0.162681
0.785 -0.129061
0.79 -0.0952428
0.795 -0.0612762
0.8 -0.0272125
0.805 0.00689706
0.81 0.0410017
0.815 0.0750508
0.82 0.108994
0.825 0.142782
0.83 0.176366
0.835 0.209698
0.84 0.242731
0.845 0.27542
0.85 0.30772
0.855 0.339588
0.86 0.370985
0.865 0.401872
0.87 0.432212
0.875 0.461973
0.88 0.491124
0.885 0.519637
0.89 0.547488
0.895 0.574657
0.9 0.601128
0.905 0.626889
0.91 0.651931
0.915 0.676251
0.92 0.699852
0.925 0.72274
0.93 0.744925
0.935 0.766426
0.94 0.787263
0.945 0.807464
0.95 0.827062
0.955 0.846092
0.96 0.864596
0.965 0.882621
0.97 0.900217
0.975 0.917437
0.98 0.934339
0.985 0.950983
0.99 0.967432
0.995 0.983749
1 1
