0 0
0.005 0.0338771
0.01 0.0677024
0.015 0.101424
0.02 0.134992
0.025 0.168353
0.03 0.201457
0.035 0.234253
0.04 0.266692
0.045 0.298724
0.05 0.330299
0.055 0.361371
0.06 0.391891
0.065 0.421812
0.07 0.45109
0.075 0.479679
0.08 0.507535
0.085 0.534617
0.09 0.560883
0.095 0.586292
0.1 0.610807
0.105 0.634388
0.11 0.657002
0.115 0.678612
0.12 0.699187
0.125 0.718694
0.13 0.737103
0.135 0.754388
0.14 0.770521
0.145 0.785478
0.15 0.799235
0.155 0.811772
0.16 0.82307
0.165 0.833112
0.17 0.841882
0.175 0.849366
0.18 0.855554
0.185 0.860436
0.19 0.864004
0.195 0.866253
0.2 0.86718
0.205 0.866782
0.21 0.865062
0.215 0.862021
0.22 0.857664
0.225 0.851997
0.23 0.84503
0.235 0.836773
0.24 0.827239
0.245 0.816441
0.25 0.804398
0.255 0.791126
0.26 0.776646
0.265 0.760981
0.27 0.744154
0.275 0.726191
0.28 0.707119
0.285 0.686968
0.29 0.665768
0.295 0.643552
0.3 0.620353
0.305 0.596207
0.31 0.571151
0.315 0.545224
0.32 0.518463
0.325 0.490912
0.33 0.46261
0.335 0.433603
0.34 0.403934
0.345 0.373648
0.35 0.342791
0.355 0.311411
0.36 0.279556
0.365 0.247274
0.37 0.214615
0.375 0.181628
0.38 0.148364
0.385 0.114873
0.39 0.0812065
0.395 0.0474163
0.4 0.0135537
0.405 -0.0203295
0.41 -0.0541818
0.415 -0.0879513
0.42 -0.121587
0.425 -0.155036
0.43 -0.188249
0.435 -0.221175
0.44 -0.253763
0.445 -0.285963
0.45 -0.317727
0.455 -0.349006
0.46 -0.379752
0.465 -0.409918
0.47 -0.439459
0.475 -0.468329
0.48 -0.496483
0.485 -0.52388
0.49 -0.550477
0.495 -0.576234
0.5 -0.601111
0.505 -0.62507
0.51 -0.648075
0.515 -0.670091
0.52 -0.691083
0.525 -0.711021
0.53 -0.729873
0.535 -0.747611
0.54 -0.764208
0.545 -0.779638
0.55 -0.793877
0.555 -0.806905
0.56 -0.818701
0.565 -0.829247
0.57 -0.838527
0.575 -0.846527
0.58 -0.853235
0.585 -0.85864
0.59 -0.862735
0.595 -0.865512
0.6 -0.866968
0.605 -0.8671
0.61 -0.865909
0.615 -0.863396
0.62 -0.859564
0.625 -0.854421
0.63 -0.847973
0.635 -0.84023
0.64 -0.831205
0.645 -0.820911
0.65 -0.809363
0.655 -0.796581
0.66 -0.782581
0.665 -0.767388
0.67 -0.751022
0.675 -0.733511
0.68 -0.714879
0.685 -0.695156
0.69 -0.674372
0.695 -0.652558
0.7 -0.629748
0.705 -0.605977
0.71 -0.58128
0.715 -0.555696
0.72 -0.529264
0.725 -0.502024
0.73 -0.474017
0.735 -0.445286
0.74 -0.415876
0.745 -0.38583
0.75 -0.355195
0.755 -0.324017
0.76 -0.292344
0.765 -0.260224
0.77 -0.227706
0.775 -0.194839
0.78 -0.161673
0.785 -0.128258
0.79 -0.094645
0.795 -0.0608839
0.8 -0.0270255
0.805 0.00687955
0.81 0.0407809
0.815 0.0746286
0.82 0.108373
0.825 0.141965
0.83 0.175357
0.835 0.208501
0.84 0.241351
0.845 0.273863
0.85 0.305993
0.855 0.3377
0.86 0.368943
0.865 0.399686
0.87 0.429894
0.875 0.459533
0.88 0.488575
0.885 0.516993
0.89 0.544764
0.895 0.57187
0.9 0.598293
0.905 0.624024
0.91 0.649054
0.915 0.673383
0.92 0.697011
0.925 0.719945
0.93 0.742199
0.935 0.763787
0.94 0.784733
0.945 0.805063
0.95 0.824807
0.955 0.844004
0.96 0.862692
0.965 0.880916
0.97 0.898726
0.975 0.916174
0.98 0.933315
0.985 0.950207
0.99 0.96691
0.995 0.983487
1 1
