0 0
0.005 0.0336687
0.01 0.0672861
0.015 0.100801
0.02 0.134161
0.025 0.167317
0.03 0.200218
0.035 0.232813
0.04 0.265052
0.045 0.296887
0.05 0.328268
0.055 0.359149
0.06 0.389481
0.065 0.419219
0.07 0.448316
0.075 0.476729
0.08 0.504415
0.085 0.53133
0.09 0.557434
0.095 0.582687
0.1 0.607051
0.105 0.630488
0.11 0.652962
0.115 0.674439
0.12 0.694887
0.125 0.714274
0.13 0.732571
0.135 0.749749
0.14 0.765783
0.145 0.780648
0.15 0.794321
0.155 0.806781
0.16 0.818009
0.165 0.827989
0.17 0.836705
0.175 0.844143
0.18 0.850293
0.185 0.855145
0.19 0.858691
0.195 0.860926
0.2 0.861847
0.205 0.861453
0.21 0.859743
0.215 0.85672
0.22 0.85239
0.225 0.846759
0.23 0.839834
0.235 0.831628
0.24 0.822152
0.245 0.811421
0.25 0.799451
0.255 0.786261
0.26 0.771871
0.265 0.756302
0.27 0.739578
0.275 0.721726
0.28 0.702771
0.285 0.682744
0.29 0.661674
0.295 0.639595
0.3 0.616539
0.305 0.592541
0.31 0.56764
0.315 0.541871
0.32 0.515275
0.325 0.487893
0.33 0.459766
0.335 0.430937
0.34 0.40145
0.345 0.37135
0.35 0.340683
0.355 0.309497
0.36 0.277837
0.365 0.245754
0.37 0.213295
0.375 0.180511
0.38 0.147451
0.385 0.114166
0.39 0.0807071
0.395 0.0471247
0.4 0.0134704
0.405 -0.0202045
0.41 -0.0538486
0.415 -0.0874105
0.42 -0.120839
0.425 -0.154083
0.43 -0.187092
0.435 -0.219815
0.44 -0.252202
0.445 -0.284205
0.45 -0.315773
0.455 -0.34686
0.46 -0.377417
0.465 -0.407398
0.47 -0.436757
0.475 -0.465449
0.48 -0.49343
0.485 -0.520659
0.49 -0.547092
0.495 -0.57269
0.5 -0.597414
0.505 -0.621226
0.51 -0.64409
0.515 -0.66597
0.52 -0.686834
0.525 -0.706649
0.53 -0.725385
0.535 -0.743014
0.54 -0.759509
0.545 -0.774844
0.55 -0.788996
0.555 -0.801944
0.56 -0.813667
0.565 -0.824148
0.57 -0.833371
0.575 -0.841322
0.58 -0.847989
0.585 -0.853361
0.59 -0.85743
0.595 -0.86019
0.6 -0.861637
0.605 -0.861768
0.61 -0.860584
0.615 -0.858087
0.62 -0.854279
0.625 -0.849167
0.63 -0.842759
0.635 -0.835064
0.64 -0.826094
0.645 -0.815863
0.65 -0.804387
0.655 -0.791682
0.66 -0.777769
0.665 -0.762669
0.67 -0.746404
0.675 -0.729
0.68 -0.710483
0.685 -0.690882
0.69 -0.670225
0.695 -0.648546
0.7 -0.625876
0.705 -0.602251
0.71 -0.577706
0.715 -0.552279
0.72 -0.526009
0.725 -0.498936
0.73 -0.471102
0.735 -0.442547
0.74 -0.413317
0.745 -0.383456
0.75 -0.353009
0.755 -0.322022
0.76 -0.290543
0.765 -0.25862
0.77 -0.2263
0.775 -0.193634
0.78 -0.16067
0.785 -0.127458
0.79 -0.094048
0.795 -0.0604904
0.8 -0.0268353
0.805 0.00686739
0.81 0.0405678
0.815 0.0742164
0.82 0.107764
0.825 0.141163
0.83 0.174366
0.835 0.207325
0.84 0.239996
0.845 0.272335
0.85 0.304298
0.855 0.335847
0.86 0.366941
0.865 0.397544
0.87 0.427623
0.875 0.457145
0.88 0.486082
0.885 0.514409
0.89 0.542104
0.895 0.569149
0.9 0.595528
0.905 0.621232
0.91 0.646254
0.915 0.670592
0.92 0.694249
0.925 0.717232
0.93 0.739553
0.935 0.761229
0.94 0.782282
0.945 0.802737
0.95 0.822626
0.955 0.841984
0.96 0.860851
0.965 0.879269
0.97 0.897287
0.975 0.914955
0.98 0.932327
0.985 0.949458
0.99 0.966407
0.995 0.983234
1 1
