0 0
0.005 0.0334638
0.01 0.0668765
0.015 0.100187
0.02 0.133345
0.025 0.166299
0.03 0.198999
0.035 0.231395
0.04 0.263439
0.045 0.29508
0.05 0.32627
0.055 0.356962
0.06 0.38711
0.065 0.416666
0.07 0.445587
0.075 0.473827
0.08 0.501344
0.085 0.528095
0.09 0.554041
0.095 0.57914
0.1 0.603355
0.105 0.626649
0.11 0.648987
0.115 0.670334
0.12 0.690657
0.125 0.709926
0.13 0.728111
0.135 0.745185
0.14 0.761121
0.145 0.775895
0.15 0.789485
0.155 0.801869
0.16 0.81303
0.165 0.822949
0.17 0.831611
0.175 0.839005
0.18 0.845117
0.185 0.849939
0.19 0.853464
0.195 0.855685
0.2 0.856601
0.205 0.856208
0.21 0.854509
0.215 0.851505
0.22 0.847201
0.225 0.841604
0.23 0.834722
0.235 0.826565
0.24 0.817147
0.245 0.806481
0.25 0.794585
0.255 0.781475
0.26 0.767172
0.265 0.751698
0.27 0.735076
0.275 0.717332
0.28 0.698493
0.285 0.678588
0.29 0.657646
0.295 0.635701
0.3 0.612785
0.305 0.588934
0.31 0.564184
0.315 0.538572
0.32 0.512139
0.325 0.484923
0.33 0.456967
0.335 0.428313
0.34 0.399006
0.345 0.369089
0.35 0.338609
0.355 0.307613
0.36 0.276146
0.365 0.244258
0.37 0.211997
0.375 0.179412
0.38 0.146554
0.385 0.113471
0.39 0.0802158
0.395 0.0468378
0.4 0.0133884
0.405 -0.0200815
0.41 -0.0535208
0.415 -0.0868783
0.42 -0.120103
0.425 -0.153145
0.43 -0.185953
0.435 -0.218476
0.44 -0.250667
0.445 -0.282475
0.45 -0.313851
0.455 -0.344748
0.46 -0.375119
0.465 -0.404918
0.47 -0.434098
0.475 -0.462615
0.48 -0.490427
0.485 -0.517489
0.49 -0.543762
0.495 -0.569204
0.5 -0.593778
0.505 -0.617445
0.51 -0.640169
0.515 -0.661916
0.52 -0.682653
0.525 -0.702347
0.53 -0.720969
0.535 -0.738491
0.54 -0.754885
0.545 -0.770127
0.55 -0.784193
0.555 -0.797062
0.56 -0.808714
0.565 -0.819131
0.57 -0.828298
0.575 -0.8362
0.58 -0.842826
0.585 -0.848166
0.59 -0.85221
0.595 -0.854953
0.6 -0.856391
0.605 -0.856522
0.61 -0.855345
0.615 -0.852863
0.62 -0.849078
0.625 -0.843997
0.63 -0.837628
0.635 -0.82998
0.64 -0.821065
0.645 -0.810896
0.65 -0.79949
0.655 -0.786863
0.66 -0.773035
0.665 -0.758026
0.67 -0.741861
0.675 -0.724562
0.68 -0.706158
0.685 -0.686676
0.69 -0.666145
0.695 -0.644597
0.7 -0.622066
0.705 -0.598584
0.71 -0.574189
0.715 -0.548917
0.72 -0.522807
0.725 -0.495898
0.73 -0.468233
0.735 -0.439852
0.74 -0.4108
0.745 -0.38112
0.75 -0.350857
0.755 -0.320059
0.76 -0.28877
0.765 -0.25704
0.77 -0.224916
0.775 -0.192446
0.78 -0.15968
0.785 -0.126667
0.79 -0.0934572
0.795 -0.0600993
0.8 -0.0266433
0.805 0.00686115
0.81 0.0403648
0.815 0.0738188
0.82 0.107175
0.825 0.140385
0.83 0.173403
0.835 0.206182
0.84 0.238679
0.845 0.270849
0.85 0.302652
0.855 0.334047
0.86 0.364997
0.865 0.395466
0.87 0.425421
0.875 0.454831
0.88 0.483668
0.885 0.511909
0.89 0.539533
0.895 0.56652
0.9 0.592859
0.905 0.618539
0.91 0.643554
0.915 0.667904
0.92 0.691591
0.925 0.714622
0.93 0.73701
0.935 0.758772
0.94 0.779929
0.945 0.800507
0.95 0.820535
0.955 0.84005
0.96 0.859088
0.965 0.877693
0.97 0.895911
0.975 0.91379
0.98 0.931382
0.985 0.948742
0.99 0.965927
0.995 0.982993
1 1
