0 0
0.005 0.033258
0.01 0.0664653
0.015 0.099571
0.02 0.132525
0.025 0.165276
0.03 0.197775
0.035 0.229973
0.04 0.261819
0.045 0.293265
0.05 0.324264
0.055 0.354768
0.06 0.38473
0.065 0.414104
0.07 0.442847
0.075 0.470913
0.08 0.498261
0.085 0.524848
0.09 0.550634
0.095 0.575579
0.1 0.599645
0.105 0.622796
0.11 0.644996
0.115 0.666212
0.12 0.68641
0.125 0.705561
0.13 0.723634
0.135 0.740603
0.14 0.756441
0.145 0.771125
0.15 0.784631
0.155 0.796939
0.16 0.80803
0.165 0.817889
0.17 0.826498
0.175 0.833846
0.18 0.83992
0.185 0.844713
0.19 0.848216
0.195 0.850424
0.2 0.851334
0.205 0.850944
0.21 0.849255
0.215 0.846269
0.22 0.841992
0.225 0.836429
0.23 0.829589
0.235 0.821483
0.24 0.812123
0.245 0.801522
0.25 0.789699
0.255 0.776669
0.26 0.762454
0.265 0.747075
0.27 0.730556
0.275 0.712921
0.28 0.694198
0.285 0.674415
0.29 0.653603
0.295 0.631792
0.3 0.609017
0.305 0.585313
0.31 0.560715
0.315 0.535261
0.32 0.508989
0.325 0.481941
0.33 0.454157
0.335 0.42568
0.34 0.396553
0.345 0.36682
0.35 0.336527
0.355 0.305721
0.36 0.274448
0.365 0.242756
0.37 0.210693
0.375 0.178309
0.38 0.145652
0.385 0.112774
0.39 0.0797226
0.395 0.0465498
0.4 0.013306
0.405 -0.0199581
0.41 -0.0531917
0.415 -0.0863441
0.42 -0.119365
0.425 -0.152203
0.43 -0.184809
0.435 -0.217133
0.44 -0.249126
0.445 -0.280738
0.45 -0.311921
0.455 -0.342628
0.46 -0.372813
0.465 -0.402428
0.47 -0.431429
0.475 -0.459771
0.48 -0.487411
0.485 -0.514307
0.49 -0.540418
0.495 -0.565704
0.5 -0.590127
0.505 -0.613648
0.51 -0.636233
0.515 -0.657846
0.52 -0.678455
0.525 -0.698028
0.53 -0.716536
0.535 -0.73395
0.54 -0.750243
0.545 -0.765391
0.55 -0.779371
0.555 -0.792161
0.56 -0.803741
0.565 -0.814094
0.57 -0.823205
0.575 -0.831059
0.58 -0.837644
0.585 -0.84295
0.59 -0.84697
0.595 -0.849696
0.6 -0.851126
0.605 -0.851256
0.61 -0.850086
0.615 -0.847619
0.62 -0.843857
0.625 -0.838808
0.63 -0.832478
0.635 -0.824877
0.64 -0.816016
0.645 -0.80591
0.65 -0.794574
0.655 -0.782025
0.66 -0.768281
0.665 -0.753365
0.67 -0.737299
0.675 -0.720107
0.68 -0.701816
0.685 -0.682453
0.69 -0.662049
0.695 -0.640634
0.7 -0.61824
0.705 -0.594903
0.71 -0.570658
0.715 -0.545541
0.72 -0.519591
0.725 -0.492848
0.73 -0.465353
0.735 -0.437146
0.74 -0.408272
0.745 -0.378774
0.75 -0.348697
0.755 -0.318086
0.76 -0.286989
0.765 -0.255453
0.77 -0.223524
0.775 -0.191252
0.78 -0.158684
0.785 -0.125871
0.79 -0.0928604
0.795 -0.0597021
0.8 -0.0264452
0.805 0.00686123
0.81 0.0401685
0.815 0.0734284
0.82 0.106593
0.825 0.139616
0.83 0.17245
0.835 0.205051
0.84 0.237374
0.845 0.269378
0.85 0.301022
0.855 0.332266
0.86 0.363074
0.865 0.39341
0.87 0.423244
0.875 0.452544
0.88 0.481285
0.885 0.509442
0.89 0.536996
0.895 0.56393
0.9 0.59023
0.905 0.615889
0.91 0.6409
0.915 0.665262
0.92 0.68898
0.925 0.71206
0.93 0.734516
0.935 0.756364
0.94 0.777624
0.945 0.798323
0.95 0.818489
0.955 0.838158
0.96 0.857365
0.965 0.876153
0.97 0.894566
0.975 0.912651
0.98 0.93046
0.985 0.948044
0.99 0.965458
0.995 0.982757
1 1
