0 0
0.005 0.0330535
0.01 0.0660566
0.015 0.0989588
0.02 0.13171
0.025 0.16426
0.03 0.196559
0.035 0.228559
0.04 0.260209
0.045 0.291462
0.05 0.32227
0.055 0.352586
0.06 0.382364
0.065 0.411558
0.07 0.440124
0.075 0.468018
0.08 0.495197
0.085 0.521621
0.09 0.547248
0.095 0.57204
0.1 0.595958
0.105 0.618967
0.11 0.64103
0.115 0.662115
0.12 0.68219
0.125 0.701222
0.13 0.719185
0.135 0.736049
0.14 0.75179
0.145 0.766383
0.15 0.779806
0.155 0.792039
0.16 0.803062
0.165 0.812859
0.17 0.821416
0.175 0.828718
0.18 0.834756
0.185 0.839519
0.19 0.843
0.195 0.845195
0.2 0.846099
0.205 0.845711
0.21 0.844033
0.215 0.841065
0.22 0.836814
0.225 0.831286
0.23 0.824488
0.235 0.816432
0.24 0.807129
0.245 0.796594
0.25 0.784843
0.255 0.771894
0.26 0.757766
0.265 0.742482
0.27 0.726064
0.275 0.708537
0.28 0.689929
0.285 0.670268
0.29 0.649584
0.295 0.627907
0.3 0.605273
0.305 0.581714
0.31 0.557267
0.315 0.531969
0.32 0.50586
0.325 0.478978
0.33 0.451365
0.335 0.423062
0.34 0.394114
0.345 0.364564
0.35 0.334458
0.355 0.303841
0.36 0.27276
0.365 0.241263
0.37 0.209398
0.375 0.177213
0.38 0.144757
0.385 0.11208
0.39 0.0792324
0.395 0.0462636
0.4 0.0132242
0.405 -0.0198353
0.41 -0.0528646
0.415 -0.0858132
0.42 -0.118631
0.425 -0.151267
0.43 -0.183673
0.435 -0.215798
0.44 -0.247594
0.445 -0.279011
0.45 -0.310003
0.455 -0.340522
0.46 -0.37052
0.465 -0.399953
0.47 -0.428776
0.475 -0.456944
0.48 -0.484414
0.485 -0.511145
0.49 -0.537095
0.495 -0.562226
0.5 -0.586498
0.505 -0.609875
0.51 -0.63232
0.515 -0.653801
0.52 -0.674283
0.525 -0.693736
0.53 -0.71213
0.535 -0.729437
0.54 -0.74563
0.545 -0.760685
0.55 -0.774578
0.555 -0.78729
0.56 -0.798799
0.565 -0.809089
0.57 -0.818143
0.575 -0.825949
0.58 -0.832493
0.585 -0.837767
0.59 -0.841762
0.595 -0.844472
0.6 -0.845892
0.605 -0.846021
0.61 -0.844859
0.615 -0.842407
0.62 -0.838669
0.625 -0.83365
0.63 -0.827359
0.635 -0.819805
0.64 -0.810999
0.645 -0.800955
0.65 -0.789688
0.655 -0.777216
0.66 -0.763557
0.665 -0.748733
0.67 -0.732765
0.675 -0.715679
0.68 -0.6975
0.685 -0.678257
0.69 -0.657978
0.695 -0.636694
0.7 -0.614439
0.705 -0.591245
0.71 -0.567148
0.715 -0.542186
0.72 -0.516396
0.725 -0.489817
0.73 -0.46249
0.735 -0.434456
0.74 -0.405759
0.745 -0.376441
0.75 -0.346548
0.755 -0.316125
0.76 -0.285218
0.765 -0.253873
0.77 -0.222139
0.775 -0.190062
0.78 -0.157691
0.785 -0.125076
0.79 -0.0922629
0.795 -0.0593024
0.8 -0.0262425
0.805 0.00686823
0.81 0.0399816
0.815 0.0730498
0.82 0.106026
0.825 0.138863
0.83 0.171517
0.835 0.203942
0.84 0.236096
0.845 0.267937
0.85 0.299425
0.855 0.330521
0.86 0.36119
0.865 0.391398
0.87 0.421114
0.875 0.450308
0.88 0.478955
0.885 0.507032
0.89 0.53452
0.895 0.561403
0.9 0.587668
0.905 0.613307
0.91 0.638315
0.915 0.662692
0.92 0.686441
0.925 0.709571
0.93 0.732094
0.935 0.754026
0.94 0.775388
0.945 0.796206
0.95 0.816507
0.955 0.836325
0.96 0.855697
0.965 0.874662
0.97 0.893264
0.975 0.91155
0.98 0.929568
0.985 0.947368
0.99 0.965004
0.995 0.98253
1 1
