0 0
0.005 0.0328503
0.01 0.0656504
0.015 0.0983503
0.02 0.1309
0.025 0.16325
0.03 0.195351
0.035 0.227153
0.04 0.258609
0.045 0.28967
0.05 0.320288
0.055 0.350418
0.06 0.380013
0.065 0.409027
0.07 0.437418
0.075 0.46514
0.08 0.492152
0.085 0.518413
0.09 0.543883
0.095 0.568522
0.1 0.592294
0.105 0.615161
0.11 0.637089
0.115 0.658044
0.12 0.677995
0.125 0.696911
0.13 0.714763
0.135 0.731523
0.14 0.747167
0.145 0.76167
0.15 0.775011
0.155 0.787168
0.16 0.798124
0.165 0.807861
0.17 0.816365
0.175 0.823623
0.18 0.829623
0.185 0.834357
0.19 0.837817
0.195 0.839998
0.2 0.840896
0.205 0.840511
0.21 0.838843
0.215 0.835894
0.22 0.831669
0.225 0.826174
0.23 0.819418
0.235 0.811411
0.24 0.802166
0.245 0.791696
0.25 0.780017
0.255 0.767147
0.26 0.753107
0.265 0.737916
0.27 0.721599
0.275 0.704181
0.28 0.685687
0.285 0.666147
0.29 0.645589
0.295 0.624046
0.3 0.601551
0.305 0.578137
0.31 0.55384
0.315 0.528698
0.32 0.502749
0.325 0.476033
0.33 0.448589
0.335 0.420461
0.34 0.391691
0.345 0.362323
0.35 0.332402
0.355 0.301973
0.36 0.271083
0.365 0.23978
0.37 0.20811
0.375 0.176123
0.38 0.143867
0.385 0.111391
0.39 0.0787452
0.395 0.0459791
0.4 0.0131429
0.405 -0.0197134
0.41 -0.0525396
0.415 -0.0852856
0.42 -0.117901
0.425 -0.150337
0.43 -0.182543
0.435 -0.214471
0.44 -0.246071
0.445 -0.277296
0.45 -0.308097
0.455 -0.338428
0.46 -0.368242
0.465 -0.397494
0.47 -0.426139
0.475 -0.454134
0.48 -0.481435
0.485 -0.508002
0.49 -0.533793
0.495 -0.558769
0.5 -0.582892
0.505 -0.606125
0.51 -0.628432
0.515 -0.649781
0.52 -0.670137
0.525 -0.689471
0.53 -0.707751
0.535 -0.724952
0.54 -0.741045
0.545 -0.756008
0.55 -0.769816
0.555 -0.782449
0.56 -0.793887
0.565 -0.804113
0.57 -0.813112
0.575 -0.82087
0.58 -0.827374
0.585 -0.832616
0.59 -0.836586
0.595 -0.839279
0.6 -0.840691
0.605 -0.840819
0.61 -0.839664
0.615 -0.837227
0.62 -0.833512
0.625 -0.828524
0.63 -0.822271
0.635 -0.814764
0.64 -0.806012
0.645 -0.79603
0.65 -0.784832
0.655 -0.772437
0.66 -0.758862
0.665 -0.744129
0.67 -0.728259
0.675 -0.711278
0.68 -0.693211
0.685 -0.674086
0.69 -0.653932
0.695 -0.632779
0.7 -0.61066
0.705 -0.587609
0.71 -0.56366
0.715 -0.538851
0.72 -0.513219
0.725 -0.486803
0.73 -0.459644
0.735 -0.431782
0.74 -0.403261
0.745 -0.374123
0.75 -0.344412
0.755 -0.314175
0.76 -0.283456
0.765 -0.252302
0.77 -0.22076
0.775 -0.188877
0.78 -0.156701
0.785 -0.124281
0.79 -0.0916646
0.795 -0.0588996
0.8 -0.0260345
0.805 0.00688267
0.81 0.0398044
0.815 0.0726836
0.82 0.105474
0.825 0.138129
0.83 0.170605
0.835 0.202857
0.84 0.234845
0.845 0.266525
0.85 0.297861
0.855 0.328813
0.86 0.359347
0.865 0.38943
0.87 0.419031
0.875 0.448122
0.88 0.476679
0.885 0.504679
0.89 0.532104
0.895 0.558938
0.9 0.58517
0.905 0.610791
0.91 0.635798
0.915 0.660191
0.92 0.683973
0.925 0.707152
0.93 0.729742
0.935 0.751757
0.94 0.773219
0.945 0.794152
0.95 0.814585
0.955 0.834549
0.96 0.854081
0.965 0.873218
0.97 0.892005
0.975 0.910484
0.98 0.928704
0.985 0.946714
0.99 0.964565
0.995 0.98231
1 1
