0 0
0.005 0.0385619
0.01 0.0770649
0.015 0.11545
0.02 0.153659
0.025 0.191634
0.03 0.229316
0.035 0.266648
0.04 0.303573
0.045 0.340034
0.05 0.375976
0.055 0.411344
0.06 0.446085
0.065 0.480144
0.07 0.51347
0.075 0.546013
0.08 0.577722
0.085 0.608549
0.09 0.638447
0.095 0.66737
0.1 0.695274
0.105 0.722117
0.11 0.747858
0.115 0.772457
0.12 0.795876
0.125 0.818081
0.13 0.839037
0.135 0.858711
0.14 0.877075
0.145 0.8941
0.15 0.90976
0.155 0.924031
0.16 0.936892
0.165 0.948322
0.17 0.958305
0.175 0.966824
0.18 0.973867
0.185 0.979424
0.19 0.983486
0.195 0.986046
0.2 0.987101
0.205 0.986649
0.21 0.98469
0.215 0.981229
0.22 0.976269
0.225 0.969819
0.23 0.961889
0.235 0.95249
0.24 0.941637
0.245 0.929346
0.25 0.915637
0.255 0.900529
0.26 0.884048
0.265 0.866216
0.27 0.847062
0.275 0.826615
0.28 0.804906
0.285 0.781968
0.29 0.757836
0.295 0.732548
0.3 0.706141
0.305 0.678656
0.31 0.650135
0.315 0.620622
0.32 0.590161
0.325 0.558799
0.33 0.526584
0.335 0.493565
0.34 0.459793
0.345 0.425319
0.35 0.390195
0.355 0.354476
0.36 0.318216
0.365 0.28147
0.37 0.244294
0.375 0.206745
0.38 0.168881
0.385 0.130758
0.39 0.0924364
0.395 0.0539734
0.4 0.015428
0.405 -0.0231409
0.41 -0.0616745
0.415 -0.100114
0.42 -0.138401
0.425 -0.176476
0.43 -0.214282
0.435 -0.251761
0.44 -0.288855
0.445 -0.325509
0.45 -0.361665
0.455 -0.397269
0.46 -0.432267
0.465 -0.466605
0.47 -0.500231
0.475 -0.533093
0.48 -0.565141
0.485 -0.596327
0.49 -0.626602
0.495 -0.65592
0.5 -0.684237
0.505 -0.71151
0.51 -0.737696
0.515 -0.762757
0.52 -0.786652
0.525 -0.809347
0.53 -0.830806
0.535 -0.850997
0.54 -0.869889
0.545 -0.887453
0.55 -0.903662
0.555 -0.918491
0.56 -0.931918
0.565 -0.943923
0.57 -0.954486
0.575 -0.963593
0.58 -0.971228
0.585 -0.977381
0.59 -0.982041
0.595 -0.985202
0.6 -0.98686
0.605 -0.98701
0.61 -0.985654
0.615 -0.982793
0.62 -0.978432
0.625 -0.972577
0.63 -0.965238
0.635 -0.956425
0.64 -0.946151
0.645 -0.934434
0.65 -0.921289
0.655 -0.906739
0.66 -0.890804
0.665 -0.873509
0.67 -0.85488
0.675 -0.834947
0.68 -0.813739
0.685 -0.791288
0.69 -0.76763
0.695 -0.7428
0.7 -0.716836
0.705 -0.689777
0.71 -0.661665
0.715 -0.632544
0.72 -0.602456
0.725 -0.571449
0.73 -0.539569
0.735 -0.506866
0.74 -0.473389
0.745 -0.43919
0.75 -0.404319
0.755 -0.368832
0.76 -0.332781
0.765 -0.296223
0.77 -0.259212
0.775 -0.221806
0.78 -0.18406
0.785 -0.146034
0.79 -0.107785
0.795 -0.0693718
0.8 -0.0308523
0.805 0.00771426
0.81 0.0462691
0.815 0.0847532
0.82 0.123108
0.825 0.161275
0.83 0.199195
0.835 0.236812
0.84 0.274067
0.845 0.310904
0.85 0.347266
0.855 0.383097
0.86 0.418344
0.865 0.452953
0.87 0.48687
0.875 0.520043
0.88 0.552423
0.885 0.583959
0.89 0.614604
0.895 0.644311
0.9 0.673034
0.905 0.700729
0.91 0.727355
0.915 0.75287
0.92 0.777236
0.925 0.800416
0.93 0.822375
0.935 0.84308
0.94 0.862502
0.945 0.880615
0.95 0.897399
0.955 0.912842
0.96 0.926945
0.965 0.939725
0.97 0.951224
0.975 0.961512
0.98 0.970697
0.985 0.978929
0.99 0.9864
0.995 0.993337
1 1
