0 0
0.005 0.0326483
0.01 0.0652467
0.015 0.0977455
0.02 0.130095
0.025 0.162246
0.03 0.194149
0.035 0.225756
0.04 0.257019
0.045 0.287889
0.05 0.318319
0.055 0.348263
0.06 0.377676
0.065 0.406512
0.07 0.434728
0.075 0.46228
0.08 0.489126
0.085 0.515226
0.09 0.540539
0.095 0.565026
0.1 0.588652
0.105 0.611378
0.11 0.633171
0.115 0.653998
0.12 0.673826
0.125 0.692625
0.13 0.710368
0.135 0.727025
0.14 0.742573
0.145 0.756987
0.15 0.770246
0.155 0.782328
0.16 0.793216
0.165 0.802894
0.17 0.811345
0.175 0.818558
0.18 0.824522
0.185 0.829226
0.19 0.832665
0.195 0.834833
0.2 0.835726
0.205 0.835343
0.21 0.833685
0.215 0.830754
0.22 0.826555
0.225 0.821094
0.23 0.81438
0.235 0.806422
0.24 0.797233
0.245 0.786828
0.25 0.775221
0.255 0.76243
0.26 0.748476
0.265 0.733379
0.27 0.717162
0.275 0.699851
0.28 0.681471
0.285 0.662051
0.29 0.64162
0.295 0.620209
0.3 0.597852
0.305 0.574582
0.31 0.550435
0.315 0.525447
0.32 0.499658
0.325 0.473105
0.33 0.445831
0.335 0.417876
0.34 0.389282
0.345 0.360095
0.35 0.330358
0.355 0.300116
0.36 0.269416
0.365 0.238305
0.37 0.206831
0.375 0.17504
0.38 0.142982
0.385 0.110706
0.39 0.078261
0.395 0.0456964
0.4 0.0130621
0.405 -0.0195922
0.41 -0.0522165
0.415 -0.0847611
0.42 -0.117176
0.425 -0.149413
0.43 -0.181421
0.435 -0.213152
0.44 -0.244558
0.445 -0.275591
0.45 -0.306203
0.455 -0.336347
0.46 -0.365978
0.465 -0.39505
0.47 -0.423519
0.475 -0.451342
0.48 -0.478475
0.485 -0.504878
0.49 -0.53051
0.495 -0.555333
0.5 -0.579307
0.505 -0.602398
0.51 -0.624568
0.515 -0.645785
0.52 -0.666017
0.525 -0.685231
0.53 -0.703399
0.535 -0.720494
0.54 -0.736489
0.545 -0.751359
0.55 -0.765082
0.555 -0.777637
0.56 -0.789005
0.565 -0.799169
0.57 -0.808113
0.575 -0.815822
0.58 -0.822287
0.585 -0.827496
0.59 -0.831442
0.595 -0.834118
0.6 -0.835521
0.605 -0.835649
0.61 -0.834501
0.615 -0.832079
0.62 -0.828386
0.625 -0.823429
0.63 -0.817215
0.635 -0.809754
0.64 -0.801056
0.645 -0.791135
0.65 -0.780006
0.655 -0.767687
0.66 -0.754196
0.665 -0.739553
0.67 -0.723781
0.675 -0.706905
0.68 -0.688949
0.685 -0.669941
0.69 -0.64991
0.695 -0.628888
0.7 -0.606905
0.705 -0.583995
0.71 -0.560194
0.715 -0.535537
0.72 -0.510062
0.725 -0.483808
0.73 -0.456815
0.735 -0.429124
0.74 -0.400777
0.745 -0.371817
0.75 -0.342288
0.755 -0.312235
0.76 -0.281703
0.765 -0.250738
0.77 -0.219386
0.775 -0.187696
0.78 -0.155714
0.785 -0.123488
0.79 -0.0910648
0.795 -0.0584934
0.8 -0.025821
0.805 0.00690501
0.81 0.0396376
0.815 0.0723302
0.82 0.104937
0.825 0.137413
0.83 0.169714
0.835 0.201797
0.84 0.23362
0.845 0.265144
0.85 0.29633
0.855 0.327142
0.86 0.357544
0.865 0.387505
0.87 0.416995
0.875 0.445987
0.88 0.474456
0.885 0.502382
0.89 0.529747
0.895 0.556535
0.9 0.582735
0.905 0.608341
0.91 0.633348
0.915 0.657757
0.92 0.681572
0.925 0.704801
0.93 0.727456
0.935 0.749553
0.94 0.771113
0.945 0.79216
0.95 0.812721
0.955 0.832827
0.96 0.852514
0.965 0.87182
0.97 0.890785
0.975 0.909453
0.98 0.927869
0.985 0.946082
0.99 0.964141
0.995 0.982096
1 1
