0 0
0.005 0.0324475
0.01 0.0648455
0.015 0.0971445
0.02 0.129295
0.025 0.161249
0.03 0.192956
0.035 0.224368
0.04 0.255438
0.045 0.286118
0.05 0.316362
0.055 0.346122
0.06 0.375354
0.065 0.404013
0.07 0.432055
0.075 0.459437
0.08 0.486119
0.085 0.512058
0.09 0.537215
0.095 0.561552
0.1 0.585032
0.105 0.607619
0.11 0.629278
0.115 0.649976
0.12 0.669683
0.125 0.688367
0.13 0.706
0.135 0.722555
0.14 0.738007
0.145 0.752332
0.15 0.765509
0.155 0.777518
0.16 0.788339
0.165 0.797957
0.17 0.806356
0.175 0.813525
0.18 0.819452
0.185 0.824127
0.19 0.827545
0.195 0.829699
0.2 0.830587
0.205 0.830206
0.21 0.828558
0.215 0.825646
0.22 0.821473
0.225 0.816045
0.23 0.809372
0.235 0.801464
0.24 0.792331
0.245 0.78199
0.25 0.770454
0.255 0.757742
0.26 0.743874
0.265 0.728869
0.27 0.712752
0.275 0.695547
0.28 0.677281
0.285 0.65798
0.29 0.637674
0.295 0.616396
0.3 0.594176
0.305 0.571049
0.31 0.54705
0.315 0.522217
0.32 0.496585
0.325 0.470196
0.33 0.443089
0.335 0.415306
0.34 0.386889
0.345 0.357881
0.35 0.328326
0.355 0.298271
0.36 0.26776
0.365 0.23684
0.37 0.205559
0.375 0.173964
0.38 0.142103
0.385 0.110025
0.39 0.0777798
0.395 0.0454154
0.4 0.0129818
0.405 -0.0194717
0.41 -0.0518954
0.415 -0.0842399
0.42 -0.116456
0.425 -0.148494
0.43 -0.180305
0.435 -0.211842
0.44 -0.243054
0.445 -0.273896
0.45 -0.30432
0.455 -0.334279
0.46 -0.363727
0.465 -0.392621
0.47 -0.420915
0.475 -0.448566
0.48 -0.475533
0.485 -0.501774
0.49 -0.527248
0.495 -0.551918
0.5 -0.575745
0.505 -0.598693
0.51 -0.620728
0.515 -0.641814
0.52 -0.661921
0.525 -0.681018
0.53 -0.699074
0.535 -0.716064
0.54 -0.73196
0.545 -0.746739
0.55 -0.760378
0.555 -0.772856
0.56 -0.784154
0.565 -0.794255
0.57 -0.803144
0.575 -0.810806
0.58 -0.817231
0.585 -0.822408
0.59 -0.826329
0.595 -0.828989
0.6 -0.830384
0.605 -0.830511
0.61 -0.82937
0.615 -0.826962
0.62 -0.823293
0.625 -0.818366
0.63 -0.81219
0.635 -0.804775
0.64 -0.79613
0.645 -0.78627
0.65 -0.77521
0.655 -0.762967
0.66 -0.749558
0.665 -0.735006
0.67 -0.719331
0.675 -0.702558
0.68 -0.684712
0.685 -0.665821
0.69 -0.645914
0.695 -0.62502
0.7 -0.603172
0.705 -0.580403
0.71 -0.556748
0.715 -0.532242
0.72 -0.506924
0.725 -0.480831
0.73 -0.454003
0.735 -0.426482
0.74 -0.398308
0.745 -0.369525
0.75 -0.340176
0.755 -0.310305
0.76 -0.279958
0.765 -0.249181
0.77 -0.218019
0.775 -0.186519
0.78 -0.154728
0.785 -0.122694
0.79 -0.0904633
0.795 -0.0580833
0.8 -0.0256014
0.805 0.00693573
0.81 0.0394815
0.815 0.0719901
0.82 0.104416
0.825 0.136715
0.83 0.168844
0.835 0.200761
0.84 0.232424
0.845 0.263794
0.85 0.294834
0.855 0.325507
0.86 0.355781
0.865 0.385623
0.87 0.415005
0.875 0.443901
0.88 0.472286
0.885 0.50014
0.89 0.527447
0.895 0.554191
0.9 0.580362
0.905 0.605954
0.91 0.630963
0.915 0.655389
0.92 0.679237
0.925 0.702515
0.93 0.725235
0.935 0.747413
0.94 0.769069
0.945 0.790226
0.95 0.810913
0.955 0.831158
0.96 0.850996
0.965 0.870465
0.97 0.889603
0.975 0.908453
0.98 0.92706
0.985 0.945469
0.99 0.96373
0.995 0.98189
1 1
