0 0
0.005 0.032248
0.01 0.0644468
0.015 0.0965472
0.02 0.1285
0.025 0.160257
0.03 0.191769
0.035 0.222989
0.04 0.253868
0.045 0.284359
0.05 0.314416
0.055 0.343994
0.06 0.373046
0.065 0.401529
0.07 0.429398
0.075 0.456612
0.08 0.483129
0.085 0.508909
0.09 0.533912
0.095 0.558099
0.1 0.581435
0.105 0.603883
0.11 0.625409
0.115 0.64598
0.12 0.665565
0.125 0.684134
0.13 0.701658
0.135 0.718112
0.14 0.733469
0.145 0.747706
0.15 0.760802
0.155 0.772737
0.16 0.783492
0.165 0.79305
0.17 0.801398
0.175 0.808523
0.18 0.814413
0.185 0.81906
0.19 0.822456
0.195 0.824597
0.2 0.82548
0.205 0.825101
0.21 0.823464
0.215 0.820569
0.22 0.816421
0.225 0.811027
0.23 0.804395
0.235 0.796535
0.24 0.787459
0.245 0.777181
0.25 0.765716
0.255 0.753083
0.26 0.7393
0.265 0.724388
0.27 0.70837
0.275 0.691271
0.28 0.673116
0.285 0.653934
0.29 0.633753
0.295 0.612605
0.3 0.590522
0.305 0.567538
0.31 0.543687
0.315 0.519005
0.32 0.493532
0.325 0.467305
0.33 0.440365
0.335 0.412752
0.34 0.38451
0.345 0.35568
0.35 0.326307
0.355 0.296437
0.36 0.266113
0.365 0.235384
0.37 0.204295
0.375 0.172894
0.38 0.141229
0.385 0.109349
0.39 0.0773015
0.395 0.0451362
0.4 0.012902
0.405 -0.019352
0.41 -0.0515763
0.415 -0.083722
0.42 -0.11574
0.425 -0.147581
0.43 -0.179197
0.435 -0.210539
0.44 -0.24156
0.445 -0.272212
0.45 -0.302448
0.455 -0.332223
0.46 -0.361491
0.465 -0.390207
0.47 -0.418327
0.475 -0.445808
0.48 -0.472609
0.485 -0.498688
0.49 -0.524006
0.495 -0.548524
0.5 -0.572205
0.505 -0.595012
0.51 -0.616911
0.515 -0.637868
0.52 -0.657851
0.525 -0.67683
0.53 -0.694776
0.535 -0.711661
0.54 -0.727459
0.545 -0.742147
0.55 -0.755702
0.555 -0.768104
0.56 -0.779332
0.565 -0.789371
0.57 -0.798205
0.575 -0.80582
0.58 -0.812206
0.585 -0.817351
0.59 -0.821248
0.595 -0.823892
0.6 -0.825278
0.605 -0.825404
0.61 -0.82427
0.615 -0.821877
0.62 -0.81823
0.625 -0.813334
0.63 -0.807196
0.635 -0.799826
0.64 -0.791235
0.645 -0.781436
0.65 -0.770443
0.655 -0.758275
0.66 -0.744949
0.665 -0.730486
0.67 -0.714907
0.675 -0.698238
0.68 -0.680502
0.685 -0.661727
0.69 -0.641942
0.695 -0.621176
0.7 -0.599462
0.705 -0.576833
0.71 -0.553323
0.715 -0.528968
0.72 -0.503804
0.725 -0.477871
0.73 -0.451208
0.735 -0.423854
0.74 -0.395853
0.745 -0.367245
0.75 -0.338074
0.755 -0.308385
0.76 -0.278222
0.765 -0.247631
0.77 -0.216657
0.775 -0.185346
0.78 -0.153745
0.785 -0.1219
0.79 -0.0898595
0.795 -0.057669
0.8 -0.0253753
0.805 0.00697525
0.81 0.0393367
0.815 0.0716637
0.82 0.103912
0.825 0.136037
0.83 0.167997
0.835 0.199749
0.84 0.231255
0.845 0.262474
0.85 0.293371
0.855 0.32391
0.86 0.354058
0.865 0.383785
0.87 0.413062
0.875 0.441864
0.88 0.470167
0.885 0.497953
0.89 0.525203
0.895 0.551906
0.9 0.57805
0.905 0.603629
0.91 0.62864
0.915 0.653084
0.92 0.676965
0.925 0.700292
0.93 0.723076
0.935 0.745333
0.94 0.767084
0.945 0.78835
0.95 0.809158
0.955 0.829538
0.96 0.849524
0.965 0.869151
0.97 0.888457
0.975 0.907484
0.98 0.926276
0.985 0.944876
0.99 0.963331
0.995 0.98169
1 1
