0 0
0.005 0.0320497
0.01 0.0640505
0.015 0.0959535
0.02 0.12771
0.025 0.159272
0.03 0.19059
0.035 0.221617
0.04 0.252307
0.045 0.282611
0.05 0.312483
0.055 0.341878
0.06 0.370752
0.065 0.39906
0.07 0.426758
0.075 0.453805
0.08 0.480159
0.085 0.50578
0.09 0.530629
0.095 0.554667
0.1 0.577859
0.105 0.600169
0.11 0.621563
0.115 0.642008
0.12 0.661472
0.125 0.679927
0.13 0.697344
0.135 0.713696
0.14 0.728959
0.145 0.743109
0.15 0.756124
0.155 0.767985
0.16 0.778674
0.165 0.788174
0.17 0.79647
0.175 0.803551
0.18 0.809405
0.185 0.814024
0.19 0.817399
0.195 0.819527
0.2 0.820404
0.205 0.820028
0.21 0.8184
0.215 0.815523
0.22 0.811401
0.225 0.806041
0.23 0.799449
0.235 0.791638
0.24 0.782617
0.245 0.772402
0.25 0.761008
0.255 0.748452
0.26 0.734754
0.265 0.719933
0.27 0.704014
0.275 0.68702
0.28 0.668977
0.285 0.649913
0.29 0.629857
0.295 0.608839
0.3 0.586891
0.305 0.564048
0.31 0.540343
0.315 0.515814
0.32 0.490497
0.325 0.464432
0.33 0.437657
0.335 0.410214
0.34 0.382145
0.345 0.353493
0.35 0.324301
0.355 0.294614
0.36 0.264477
0.365 0.233936
0.37 0.203039
0.375 0.171831
0.38 0.140361
0.385 0.108676
0.39 0.0768262
0.395 0.0448586
0.4 0.0128226
0.405 -0.019233
0.41 -0.0512592
0.415 -0.0832072
0.42 -0.115028
0.425 -0.146673
0.43 -0.178095
0.435 -0.209244
0.44 -0.240075
0.445 -0.270538
0.45 -0.300589
0.455 -0.33018
0.46 -0.359268
0.465 -0.387807
0.47 -0.415754
0.475 -0.443067
0.48 -0.469703
0.485 -0.495622
0.49 -0.520784
0.495 -0.545152
0.5 -0.568687
0.505 -0.591353
0.51 -0.613118
0.515 -0.633946
0.52 -0.653806
0.525 -0.672668
0.53 -0.690504
0.535 -0.707285
0.54 -0.722986
0.545 -0.737584
0.55 -0.751055
0.555 -0.763381
0.56 -0.77454
0.565 -0.784517
0.57 -0.793297
0.575 -0.800866
0.58 -0.807211
0.585 -0.812325
0.59 -0.816198
0.595 -0.818826
0.6 -0.820203
0.605 -0.820329
0.61 -0.819201
0.615 -0.816824
0.62 -0.813199
0.625 -0.808333
0.63 -0.802233
0.635 -0.794908
0.64 -0.786369
0.645 -0.776631
0.65 -0.765706
0.655 -0.753612
0.66 -0.740368
0.665 -0.725994
0.67 -0.710511
0.675 -0.693944
0.68 -0.676317
0.685 -0.657657
0.69 -0.637994
0.695 -0.617356
0.7 -0.595775
0.705 -0.573285
0.71 -0.549919
0.715 -0.525713
0.72 -0.500704
0.725 -0.474929
0.73 -0.448429
0.735 -0.421242
0.74 -0.393411
0.745 -0.364978
0.75 -0.335985
0.755 -0.306475
0.76 -0.276495
0.765 -0.246088
0.77 -0.215299
0.775 -0.184175
0.78 -0.152762
0.785 -0.121106
0.79 -0.0892532
0.795 -0.0572499
0.8 -0.0251422
0.805 0.007024
0.81 0.0392035
0.815 0.0713515
0.82 0.103424
0.825 0.135378
0.83 0.167171
0.835 0.198763
0.84 0.230114
0.845 0.261185
0.85 0.291942
0.855 0.322349
0.86 0.352375
0.865 0.381989
0.87 0.411164
0.875 0.439875
0.88 0.468099
0.885 0.495818
0.89 0.523016
0.895 0.549678
0.9 0.575796
0.905 0.601364
0.91 0.626378
0.915 0.650841
0.92 0.674755
0.925 0.69813
0.93 0.720977
0.935 0.743313
0.94 0.765155
0.945 0.786527
0.95 0.807454
0.955 0.827966
0.96 0.848095
0.965 0.867876
0.97 0.887346
0.975 0.906545
0.98 0.925516
0.985 0.944301
0.99 0.962945
0.995 0.981496
1 1
