0 0
0.005 0.0318526
0.01 0.0636567
0.015 0.0953635
0.02 0.126925
0.025 0.158292
0.03 0.189418
0.035 0.220255
0.04 0.250755
0.045 0.280873
0.05 0.310562
0.055 0.339776
0.06 0.368472
0.065 0.396606
0.07 0.424134
0.075 0.451014
0.08 0.477206
0.085 0.50267
0.09 0.527366
0.095 0.551257
0.1 0.574306
0.105 0.596479
0.11 0.617741
0.115 0.63806
0.12 0.657405
0.125 0.675746
0.13 0.693056
0.135 0.709308
0.14 0.724477
0.145 0.738539
0.15 0.751475
0.155 0.763263
0.16 0.773886
0.165 0.783327
0.17 0.791573
0.175 0.79861
0.18 0.804428
0.185 0.809018
0.19 0.812373
0.195 0.814488
0.2 0.815359
0.205 0.814986
0.21 0.813368
0.215 0.810509
0.22 0.806412
0.225 0.801084
0.23 0.794534
0.235 0.78677
0.24 0.777805
0.245 0.767653
0.25 0.756329
0.255 0.74385
0.26 0.730236
0.265 0.715507
0.27 0.699685
0.275 0.682796
0.28 0.664864
0.285 0.645917
0.29 0.625984
0.295 0.605095
0.3 0.583282
0.305 0.56058
0.31 0.537021
0.315 0.512642
0.32 0.487481
0.325 0.461576
0.33 0.434966
0.335 0.407692
0.34 0.379796
0.345 0.351319
0.35 0.322307
0.355 0.292802
0.36 0.262851
0.365 0.232498
0.37 0.20179
0.375 0.170774
0.38 0.139498
0.385 0.108008
0.39 0.0763538
0.395 0.0445828
0.4 0.0127438
0.405 -0.0191147
0.41 -0.050944
0.415 -0.0826955
0.42 -0.114321
0.425 -0.145772
0.43 -0.177
0.435 -0.207958
0.44 -0.238598
0.445 -0.268875
0.45 -0.29874
0.455 -0.32815
0.46 -0.357059
0.465 -0.385423
0.47 -0.413198
0.475 -0.440342
0.48 -0.466815
0.485 -0.492574
0.49 -0.517582
0.495 -0.541799
0.5 -0.56519
0.505 -0.587717
0.51 -0.609348
0.515 -0.630048
0.52 -0.649786
0.525 -0.668532
0.53 -0.686258
0.535 -0.702936
0.54 -0.718541
0.545 -0.733048
0.55 -0.746437
0.555 -0.758687
0.56 -0.769778
0.565 -0.779693
0.57 -0.788419
0.575 -0.795941
0.58 -0.802248
0.585 -0.80733
0.59 -0.81118
0.595 -0.813791
0.6 -0.81516
0.605 -0.815284
0.61 -0.814164
0.615 -0.811801
0.62 -0.808199
0.625 -0.803363
0.63 -0.7973
0.635 -0.79002
0.64 -0.781534
0.645 -0.771855
0.65 -0.760998
0.655 -0.748978
0.66 -0.735816
0.665 -0.72153
0.67 -0.706142
0.675 -0.689676
0.68 -0.672158
0.685 -0.653613
0.69 -0.63407
0.695 -0.613559
0.7 -0.59211
0.705 -0.569758
0.71 -0.546535
0.715 -0.522477
0.72 -0.497621
0.725 -0.472004
0.73 -0.445666
0.735 -0.418645
0.74 -0.390984
0.745 -0.362723
0.75 -0.333906
0.755 -0.304575
0.76 -0.274775
0.765 -0.244551
0.77 -0.213946
0.775 -0.183008
0.78 -0.151781
0.785 -0.120311
0.79 -0.0886439
0.795 -0.0568257
0.8 -0.0249019
0.805 0.00708235
0.81 0.0390823
0.815 0.0710537
0.82 0.102953
0.825 0.134739
0.83 0.166368
0.835 0.197802
0.84 0.229001
0.845 0.259928
0.85 0.290547
0.855 0.320826
0.86 0.350732
0.865 0.380236
0.87 0.409311
0.875 0.437934
0.88 0.466082
0.885 0.493736
0.89 0.520882
0.895 0.547506
0.9 0.5736
0.905 0.599158
0.91 0.624176
0.915 0.648657
0.92 0.672605
0.925 0.696027
0.93 0.718937
0.935 0.741349
0.94 0.763281
0.945 0.784757
0.95 0.8058
0.955 0.826441
0.96 0.846709
0.965 0.866639
0.97 0.886268
0.975 0.905634
0.98 0.924778
0.985 0.943743
0.99 0.962571
0.995 0.981309
1 1
