0 0
0.005 0.0316568
0.01 0.0632652
0.015 0.0947771
0.02 0.126144
0.025 0.157319
0.03 0.188253
0.035 0.2189
0.04 0.249213
0.045 0.279146
0.05 0.308652
0.055 0.337687
0.06 0.366207
0.065 0.394167
0.07 0.421526
0.075 0.448241
0.08 0.474272
0.085 0.499579
0.09 0.524123
0.095 0.547867
0.1 0.570775
0.105 0.592811
0.11 0.613943
0.115 0.634137
0.12 0.653363
0.125 0.671591
0.13 0.688795
0.135 0.704946
0.14 0.720022
0.145 0.733998
0.15 0.746854
0.155 0.75857
0.16 0.769127
0.165 0.778511
0.17 0.786706
0.175 0.7937
0.18 0.799482
0.185 0.804044
0.19 0.807378
0.195 0.80948
0.2 0.810346
0.205 0.809974
0.21 0.808367
0.215 0.805525
0.22 0.801453
0.225 0.796158
0.23 0.789648
0.235 0.781932
0.24 0.773022
0.245 0.762933
0.25 0.751678
0.255 0.739276
0.26 0.725746
0.265 0.711107
0.27 0.695383
0.275 0.678597
0.28 0.660775
0.285 0.641945
0.29 0.622134
0.295 0.601374
0.3 0.579696
0.305 0.557133
0.31 0.533719
0.315 0.50949
0.32 0.484484
0.325 0.458738
0.33 0.432291
0.335 0.405185
0.34 0.37746
0.345 0.349159
0.35 0.320325
0.355 0.291002
0.36 0.261234
0.365 0.231068
0.37 0.200549
0.375 0.169724
0.38 0.13864
0.385 0.107344
0.39 0.0758843
0.395 0.0443087
0.4 0.0126654
0.405 -0.0189972
0.41 -0.0506308
0.415 -0.082187
0.42 -0.113618
0.425 -0.144875
0.43 -0.175911
0.435 -0.206679
0.44 -0.237131
0.445 -0.267221
0.45 -0.296903
0.455 -0.326132
0.46 -0.354863
0.465 -0.383053
0.47 -0.410657
0.475 -0.437635
0.48 -0.463944
0.485 -0.489546
0.49 -0.514399
0.495 -0.538468
0.5 -0.561714
0.505 -0.584103
0.51 -0.605601
0.515 -0.626174
0.52 -0.64579
0.525 -0.664421
0.53 -0.682038
0.535 -0.698613
0.54 -0.714122
0.545 -0.728541
0.55 -0.741847
0.555 -0.754021
0.56 -0.765044
0.565 -0.774899
0.57 -0.783571
0.575 -0.791047
0.58 -0.797315
0.585 -0.802366
0.59 -0.806192
0.595 -0.808787
0.6 -0.810148
0.605 -0.810271
0.61 -0.809158
0.615 -0.806809
0.62 -0.803229
0.625 -0.798423
0.63 -0.792397
0.635 -0.785162
0.64 -0.776728
0.645 -0.767109
0.65 -0.756318
0.655 -0.744373
0.66 -0.731291
0.665 -0.717093
0.67 -0.7018
0.675 -0.685435
0.68 -0.668024
0.685 -0.649593
0.69 -0.63017
0.695 -0.609785
0.7 -0.588468
0.705 -0.566252
0.71 -0.543172
0.715 -0.519261
0.72 -0.494557
0.725 -0.469097
0.73 -0.442919
0.735 -0.416063
0.74 -0.388569
0.745 -0.36048
0.75 -0.331837
0.755 -0.302684
0.76 -0.273063
0.765 -0.24302
0.77 -0.212598
0.775 -0.181843
0.78 -0.1508
0.785 -0.119514
0.79 -0.0880312
0.795 -0.0563961
0.8 -0.0246539
0.805 0.00715069
0.81 0.0389735
0.815 0.0707709
0.82 0.1025
0.825 0.134119
0.83 0.165588
0.835 0.196866
0.84 0.227916
0.845 0.258701
0.85 0.289186
0.855 0.319339
0.86 0.349128
0.865 0.378525
0.87 0.407503
0.875 0.43604
0.88 0.464113
0.885 0.491706
0.89 0.518802
0.895 0.54539
0.9 0.571461
0.905 0.597009
0.91 0.622032
0.915 0.646532
0.92 0.670512
0.925 0.693982
0.93 0.716953
0.935 0.73944
0.94 0.761461
0.945 0.783037
0.95 0.804194
0.955 0.824959
0.96 0.845363
0.965 0.865439
0.97 0.885222
0.975 0.904751
0.98 0.924063
0.985 0.943202
0.99 0.962208
0.995 0.981126
1 1
