0 0
0.005 0.0314621
0.01 0.0628762
0.015 0.0941943
0.02 0.125369
0.025 0.156352
0.03 0.187096
0.035 0.217554
0.04 0.247681
0.045 0.277429
0.05 0.306754
0.055 0.335611
0.06 0.363955
0.065 0.391743
0.07 0.418934
0.075 0.445485
0.08 0.471356
0.085 0.496507
0.09 0.5209
0.095 0.544498
0.1 0.567265
0.105 0.589166
0.11 0.610168
0.115 0.630237
0.12 0.649345
0.125 0.667462
0.13 0.684559
0.135 0.700612
0.14 0.715594
0.145 0.729485
0.15 0.742262
0.155 0.753905
0.16 0.764398
0.165 0.773724
0.17 0.781868
0.175 0.788819
0.18 0.794566
0.185 0.7991
0.19 0.802413
0.195 0.804502
0.2 0.805363
0.205 0.804994
0.21 0.803396
0.215 0.800572
0.22 0.796525
0.225 0.791263
0.23 0.784793
0.235 0.777124
0.24 0.768269
0.245 0.758241
0.25 0.747056
0.255 0.73473
0.26 0.721283
0.265 0.706734
0.27 0.691107
0.275 0.674424
0.28 0.656712
0.285 0.637998
0.29 0.618309
0.295 0.597676
0.3 0.576131
0.305 0.553707
0.31 0.530437
0.315 0.506357
0.32 0.481505
0.325 0.455917
0.33 0.429633
0.335 0.402694
0.34 0.375139
0.345 0.347012
0.35 0.318355
0.355 0.289213
0.36 0.259628
0.365 0.229647
0.37 0.199316
0.375 0.168681
0.38 0.137787
0.385 0.106684
0.39 0.0754177
0.395 0.0440362
0.4 0.0125875
0.405 -0.0188804
0.41 -0.0503194
0.415 -0.0816817
0.42 -0.112919
0.425 -0.143984
0.43 -0.17483
0.435 -0.205408
0.44 -0.235673
0.445 -0.265578
0.45 -0.295078
0.455 -0.324127
0.46 -0.352681
0.465 -0.380697
0.47 -0.408132
0.475 -0.434944
0.48 -0.461092
0.485 -0.486535
0.49 -0.511236
0.495 -0.535157
0.5 -0.558261
0.505 -0.580512
0.51 -0.601877
0.515 -0.622323
0.52 -0.641819
0.525 -0.660336
0.53 -0.677844
0.535 -0.694318
0.54 -0.709731
0.545 -0.724061
0.55 -0.737286
0.555 -0.749385
0.56 -0.76034
0.565 -0.770134
0.57 -0.778753
0.575 -0.786183
0.58 -0.792412
0.585 -0.797432
0.59 -0.801235
0.595 -0.803814
0.6 -0.805166
0.605 -0.805289
0.61 -0.804183
0.615 -0.801848
0.62 -0.79829
0.625 -0.793513
0.63 -0.787525
0.635 -0.780334
0.64 -0.771952
0.645 -0.762392
0.65 -0.751667
0.655 -0.739795
0.66 -0.726794
0.665 -0.712683
0.67 -0.697484
0.675 -0.68122
0.68 -0.663916
0.685 -0.645598
0.69 -0.626294
0.695 -0.606033
0.7 -0.584847
0.705 -0.562768
0.71 -0.539828
0.715 -0.516064
0.72 -0.491511
0.725 -0.466206
0.73 -0.440187
0.735 -0.413495
0.74 -0.386168
0.745 -0.358249
0.75 -0.329779
0.755 -0.300801
0.76 -0.271358
0.765 -0.241494
0.77 -0.211253
0.775 -0.18068
0.78 -0.149819
0.785 -0.118716
0.79 -0.0874149
0.795 -0.0559606
0.8 -0.0243978
0.805 0.00722934
0.81 0.0388773
0.815 0.0705031
0.82 0.102065
0.825 0.13352
0.83 0.164831
0.835 0.195956
0.84 0.22686
0.845 0.257505
0.85 0.287859
0.855 0.317888
0.86 0.347563
0.865 0.376855
0.87 0.405739
0.875 0.434192
0.88 0.462193
0.885 0.489726
0.89 0.516774
0.895 0.543327
0.9 0.569376
0.905 0.594916
0.91 0.619944
0.915 0.644463
0.92 0.668476
0.925 0.691993
0.93 0.715024
0.935 0.737584
0.94 0.759691
0.945 0.781366
0.95 0.802634
0.955 0.823521
0.96 0.844057
0.965 0.864274
0.97 0.884207
0.975 0.903893
0.98 0.923369
0.985 0.942677
0.99 0.961856
0.995 0.98095
1 1
