0 0
0.005 0.0312687
0.01 0.0624896
0.015 0.0936151
0.02 0.124598
0.025 0.15539
0.03 0.185945
0.035 0.216217
0.04 0.246158
0.045 0.275723
0.05 0.304868
0.055 0.333547
0.06 0.361717
0.065 0.389335
0.07 0.416358
0.075 0.442746
0.08 0.468457
0.085 0.493454
0.09 0.517697
0.095 0.54115
0.1 0.563777
0.105 0.585543
0.11 0.606416
0.115 0.626362
0.12 0.645352
0.125 0.663357
0.13 0.68035
0.135 0.696304
0.14 0.711194
0.145 0.724999
0.15 0.737698
0.155 0.74927
0.16 0.759698
0.165 0.768966
0.17 0.777061
0.175 0.783969
0.18 0.78968
0.185 0.794186
0.19 0.797479
0.195 0.799555
0.2 0.800411
0.205 0.800044
0.21 0.798456
0.215 0.795649
0.22 0.791628
0.225 0.786398
0.23 0.779967
0.235 0.772346
0.24 0.763545
0.245 0.753579
0.25 0.742463
0.255 0.730213
0.26 0.716848
0.265 0.702389
0.27 0.686857
0.275 0.670277
0.28 0.652674
0.285 0.634075
0.29 0.614507
0.295 0.594001
0.3 0.572589
0.305 0.550302
0.31 0.527175
0.315 0.503244
0.32 0.478544
0.325 0.453114
0.33 0.426992
0.335 0.400218
0.34 0.372833
0.345 0.344878
0.35 0.316398
0.355 0.287434
0.36 0.258032
0.365 0.228235
0.37 0.198091
0.375 0.167643
0.38 0.13694
0.385 0.106028
0.39 0.0749539
0.395 0.0437654
0.4 0.0125101
0.405 -0.0187643
0.41 -0.05001
0.415 -0.0811794
0.42 -0.112225
0.425 -0.143099
0.43 -0.173755
0.435 -0.204145
0.44 -0.234224
0.445 -0.263945
0.45 -0.293263
0.455 -0.322134
0.46 -0.350513
0.465 -0.378356
0.47 -0.405623
0.475 -0.432269
0.48 -0.458256
0.485 -0.483544
0.49 -0.508093
0.495 -0.531866
0.5 -0.554828
0.505 -0.576942
0.51 -0.598176
0.515 -0.618497
0.52 -0.637873
0.525 -0.656275
0.53 -0.673676
0.535 -0.690048
0.54 -0.705367
0.545 -0.719609
0.55 -0.732752
0.555 -0.744777
0.56 -0.755665
0.565 -0.765399
0.57 -0.773965
0.575 -0.781349
0.58 -0.78754
0.585 -0.792529
0.59 -0.796308
0.595 -0.798871
0.6 -0.800215
0.605 -0.800337
0.61 -0.799238
0.615 -0.796918
0.62 -0.793381
0.625 -0.788634
0.63 -0.782682
0.635 -0.775536
0.64 -0.767205
0.645 -0.757704
0.65 -0.747045
0.655 -0.735246
0.66 -0.722325
0.665 -0.7083
0.67 -0.693194
0.675 -0.67703
0.68 -0.659832
0.685 -0.641627
0.69 -0.622441
0.695 -0.602305
0.7 -0.581248
0.705 -0.559304
0.71 -0.536505
0.715 -0.512886
0.72 -0.488482
0.725 -0.463332
0.73 -0.437471
0.735 -0.410941
0.74 -0.38378
0.745 -0.35603
0.75 -0.327731
0.755 -0.298927
0.76 -0.26966
0.765 -0.239974
0.77 -0.209913
0.775 -0.179519
0.78 -0.148839
0.785 -0.117916
0.79 -0.0867945
0.795 -0.055519
0.8 -0.0241335
0.805 0.00731864
0.81 0.0387942
0.815 0.0702508
0.82 0.101647
0.825 0.132942
0.83 0.164096
0.835 0.195072
0.84 0.225832
0.845 0.256341
0.85 0.286565
0.855 0.316474
0.86 0.346037
0.865 0.375227
0.87 0.404019
0.875 0.43239
0.88 0.460322
0.885 0.487795
0.89 0.514798
0.895 0.541317
0.9 0.567345
0.905 0.592877
0.91 0.617911
0.915 0.642449
0.92 0.666495
0.925 0.690057
0.93 0.713147
0.935 0.735779
0.94 0.75797
0.945 0.779742
0.95 0.801117
0.955 0.822123
0.96 0.842787
0.965 0.863142
0.97 0.883222
0.975 0.90306
0.98 0.922696
0.985 0.942167
0.99 0.961514
0.995 0.980778
1 1
