0 0
0.005 0.0310764
0.01 0.0621054
0.015 0.0930395
0.02 0.123832
0.025 0.154435
0.03 0.184802
0.035 0.214887
0.04 0.244644
0.045 0.274028
0.05 0.302993
0.055 0.331496
0.06 0.359493
0.065 0.386941
0.07 0.413798
0.075 0.440023
0.08 0.465577
0.085 0.49042
0.09 0.514514
0.095 0.537823
0.1 0.560311
0.105 0.581943
0.11 0.602687
0.115 0.622511
0.12 0.641384
0.125 0.659279
0.13 0.676166
0.135 0.692022
0.14 0.706821
0.145 0.720541
0.15 0.733162
0.155 0.744662
0.16 0.755026
0.165 0.764238
0.17 0.772283
0.175 0.779148
0.18 0.784825
0.185 0.789303
0.19 0.792576
0.195 0.794639
0.2 0.795489
0.205 0.795125
0.21 0.793546
0.215 0.790757
0.22 0.78676
0.225 0.781562
0.23 0.775171
0.235 0.767596
0.24 0.75885
0.245 0.748945
0.25 0.737897
0.255 0.725723
0.26 0.71244
0.265 0.69807
0.27 0.682634
0.275 0.666156
0.28 0.648661
0.285 0.630176
0.29 0.610729
0.295 0.590349
0.3 0.569068
0.305 0.546918
0.31 0.523934
0.315 0.500149
0.32 0.475601
0.325 0.450327
0.33 0.424366
0.335 0.397757
0.34 0.37054
0.345 0.342758
0.35 0.314452
0.355 0.285667
0.36 0.256445
0.365 0.226832
0.37 0.196873
0.375 0.166613
0.38 0.136098
0.385 0.105376
0.39 0.0744931
0.395 0.0434963
0.4 0.0124332
0.405 -0.0186489
0.41 -0.0497025
0.415 -0.0806803
0.42 -0.111535
0.425 -0.142219
0.43 -0.172686
0.435 -0.20289
0.44 -0.232784
0.445 -0.262322
0.45 -0.29146
0.455 -0.320153
0.46 -0.348358
0.465 -0.37603
0.47 -0.403128
0.475 -0.429611
0.48 -0.455439
0.485 -0.48057
0.49 -0.504969
0.495 -0.528596
0.5 -0.551416
0.505 -0.573395
0.51 -0.594498
0.515 -0.614694
0.52 -0.633951
0.525 -0.65224
0.53 -0.669534
0.535 -0.685805
0.54 -0.70103
0.545 -0.715184
0.55 -0.728247
0.555 -0.740198
0.56 -0.751018
0.565 -0.760693
0.57 -0.769205
0.575 -0.776544
0.58 -0.782697
0.585 -0.787656
0.59 -0.791411
0.595 -0.793959
0.6 -0.795295
0.605 -0.795416
0.61 -0.794323
0.615 -0.792018
0.62 -0.788503
0.625 -0.783785
0.63 -0.77787
0.635 -0.770767
0.64 -0.762488
0.645 -0.753044
0.65 -0.742451
0.655 -0.730725
0.66 -0.717883
0.665 -0.703944
0.67 -0.688931
0.675 -0.672866
0.68 -0.655774
0.685 -0.63768
0.69 -0.618612
0.695 -0.598599
0.7 -0.577671
0.705 -0.555861
0.71 -0.533201
0.715 -0.509726
0.72 -0.485472
0.725 -0.460474
0.73 -0.434771
0.735 -0.408401
0.74 -0.381404
0.745 -0.353821
0.75 -0.325693
0.755 -0.297062
0.76 -0.267969
0.765 -0.238459
0.77 -0.208575
0.775 -0.17836
0.78 -0.147858
0.785 -0.117113
0.79 -0.0861698
0.795 -0.055071
0.8 -0.0238604
0.805 0.00741886
0.81 0.0387243
0.815 0.0700142
0.82 0.101247
0.825 0.132384
0.83 0.163385
0.835 0.194213
0.84 0.224832
0.845 0.255207
0.85 0.285305
0.855 0.315095
0.86 0.344549
0.865 0.373639
0.87 0.402341
0.875 0.430634
0.88 0.458497
0.885 0.485914
0.89 0.512871
0.895 0.539358
0.9 0.565367
0.905 0.590892
0.91 0.615932
0.915 0.640489
0.92 0.664567
0.925 0.688174
0.93 0.711322
0.935 0.734024
0.94 0.756298
0.945 0.778163
0.95 0.799644
0.955 0.820765
0.96 0.841555
0.965 0.862043
0.97 0.882264
0.975 0.902252
0.98 0.922042
0.985 0.941672
0.99 0.961182
0.995 0.980612
1 1
