0 0
0.005 0.0308853
0.01 0.0617235
0.015 0.0924674
0.02 0.12307
0.025 0.153485
0.03 0.183666
0.035 0.213566
0.04 0.24314
0.045 0.272343
0.05 0.30113
0.055 0.329458
0.06 0.357282
0.065 0.384561
0.07 0.411253
0.075 0.437318
0.08 0.462714
0.085 0.487404
0.09 0.51135
0.095 0.534516
0.1 0.556865
0.105 0.578365
0.11 0.598981
0.115 0.618683
0.12 0.63744
0.125 0.655225
0.13 0.672009
0.135 0.687767
0.14 0.702475
0.145 0.716111
0.15 0.728653
0.155 0.740084
0.16 0.750384
0.165 0.759539
0.17 0.767534
0.175 0.774357
0.18 0.779999
0.185 0.784449
0.19 0.787702
0.195 0.789753
0.2 0.790598
0.205 0.790235
0.21 0.788667
0.215 0.785894
0.22 0.781922
0.225 0.776756
0.23 0.770404
0.235 0.762877
0.24 0.754184
0.245 0.74434
0.25 0.73336
0.255 0.72126
0.26 0.708059
0.265 0.693777
0.27 0.678437
0.275 0.66206
0.28 0.644672
0.285 0.626301
0.29 0.606973
0.295 0.586719
0.3 0.565569
0.305 0.543555
0.31 0.520712
0.315 0.497074
0.32 0.472677
0.325 0.447558
0.33 0.421757
0.335 0.395311
0.34 0.368262
0.345 0.34065
0.35 0.312519
0.355 0.28391
0.36 0.254868
0.365 0.225437
0.37 0.195662
0.375 0.165588
0.38 0.135261
0.385 0.104728
0.39 0.074035
0.395 0.0432289
0.4 0.0123568
0.405 -0.0185342
0.41 -0.0493969
0.415 -0.0801842
0.42 -0.110849
0.425 -0.141345
0.43 -0.171625
0.435 -0.201642
0.44 -0.231352
0.445 -0.260709
0.45 -0.289668
0.455 -0.318185
0.46 -0.346215
0.465 -0.373718
0.47 -0.40065
0.475 -0.42697
0.48 -0.452638
0.485 -0.477615
0.49 -0.501864
0.495 -0.525346
0.5 -0.548026
0.505 -0.569869
0.51 -0.590842
0.515 -0.610914
0.52 -0.630053
0.525 -0.64823
0.53 -0.665417
0.535 -0.681588
0.54 -0.696719
0.545 -0.710787
0.55 -0.723769
0.555 -0.735646
0.56 -0.7464
0.565 -0.756015
0.57 -0.764476
0.575 -0.771769
0.58 -0.777885
0.585 -0.782812
0.59 -0.786545
0.595 -0.789077
0.6 -0.790404
0.605 -0.790525
0.61 -0.789439
0.615 -0.787148
0.62 -0.783654
0.625 -0.778965
0.63 -0.773086
0.635 -0.766027
0.64 -0.757799
0.645 -0.748414
0.65 -0.737886
0.655 -0.726231
0.66 -0.713468
0.665 -0.699615
0.67 -0.684694
0.675 -0.668728
0.68 -0.65174
0.685 -0.633757
0.69 -0.614805
0.695 -0.594915
0.7 -0.574116
0.705 -0.552439
0.71 -0.529917
0.715 -0.506585
0.72 -0.482478
0.725 -0.457632
0.73 -0.432085
0.735 -0.405875
0.74 -0.379041
0.745 -0.351624
0.75 -0.323665
0.755 -0.295204
0.76 -0.266285
0.765 -0.236949
0.77 -0.207241
0.775 -0.177202
0.78 -0.146877
0.785 -0.116308
0.79 -0.0855404
0.795 -0.0546161
0.8 -0.0235784
0.805 0.00753028
0.81 0.038668
0.815 0.0697934
0.82 0.100866
0.825 0.131847
0.83 0.162697
0.835 0.19338
0.84 0.223861
0.845 0.254104
0.85 0.284078
0.855 0.313753
0.86 0.343099
0.865 0.372092
0.87 0.400706
0.875 0.428921
0.88 0.456718
0.885 0.48408
0.89 0.510994
0.895 0.53745
0.9 0.563439
0.905 0.588958
0.91 0.614004
0.915 0.63858
0.92 0.66269
0.925 0.686342
0.93 0.709546
0.935 0.732317
0.94 0.754671
0.945 0.776629
0.95 0.798212
0.955 0.819445
0.96 0.840357
0.965 0.860976
0.97 0.881334
0.975 0.901466
0.98 0.921407
0.985 0.941192
0.99 0.96086
0.995 0.98045
1 1
