0 0
0.005 0.0383271
0.01 0.0765957
0.015 0.114747
0.02 0.152724
0.025 0.190467
0.03 0.22792
0.035 0.265024
0.04 0.301724
0.045 0.337964
0.05 0.373687
0.055 0.40884
0.06 0.443369
0.065 0.477221
0.07 0.510345
0.075 0.542689
0.08 0.574205
0.085 0.604844
0.09 0.63456
0.095 0.663307
0.1 0.691042
0.105 0.717721
0.11 0.743305
0.115 0.767754
0.12 0.791031
0.125 0.813101
0.13 0.833929
0.135 0.853484
0.14 0.871736
0.145 0.888657
0.15 0.904222
0.155 0.918406
0.16 0.931188
0.165 0.942549
0.17 0.952471
0.175 0.960938
0.18 0.967939
0.185 0.973462
0.19 0.977499
0.195 0.980043
0.2 0.981092
0.205 0.980642
0.21 0.978696
0.215 0.975255
0.22 0.970326
0.225 0.963915
0.23 0.956033
0.235 0.946691
0.24 0.935904
0.245 0.923689
0.25 0.910063
0.255 0.895047
0.26 0.878666
0.265 0.860943
0.27 0.841905
0.275 0.821583
0.28 0.800006
0.285 0.777208
0.29 0.753223
0.295 0.728088
0.3 0.701842
0.305 0.674525
0.31 0.646178
0.315 0.616844
0.32 0.586568
0.325 0.555397
0.33 0.523379
0.335 0.490561
0.34 0.456994
0.345 0.42273
0.35 0.38782
0.355 0.352318
0.36 0.316279
0.365 0.279756
0.37 0.242807
0.375 0.205486
0.38 0.167852
0.385 0.129962
0.39 0.0918737
0.395 0.0536449
0.4 0.0153341
0.405 -0.023
0.41 -0.061299
0.415 -0.0995045
0.42 -0.137558
0.425 -0.175402
0.43 -0.212977
0.435 -0.250228
0.44 -0.287097
0.445 -0.323527
0.45 -0.359463
0.455 -0.394851
0.46 -0.429636
0.465 -0.463765
0.47 -0.497186
0.475 -0.529848
0.48 -0.561701
0.485 -0.592697
0.49 -0.622787
0.495 -0.651927
0.5 -0.680072
0.505 -0.707179
0.51 -0.733206
0.515 -0.758113
0.52 -0.781863
0.525 -0.80442
0.53 -0.825749
0.535 -0.845817
0.54 -0.864593
0.545 -0.88205
0.55 -0.898161
0.555 -0.9129
0.56 -0.926245
0.565 -0.938177
0.57 -0.948676
0.575 -0.957727
0.58 -0.965315
0.585 -0.971431
0.59 -0.976063
0.595 -0.979205
0.6 -0.980852
0.605 -0.981002
0.61 -0.979654
0.615 -0.976811
0.62 -0.972476
0.625 -0.966657
0.63 -0.959362
0.635 -0.950602
0.64 -0.940391
0.645 -0.928745
0.65 -0.915681
0.655 -0.901219
0.66 -0.885381
0.665 -0.868191
0.67 -0.849676
0.675 -0.829864
0.68 -0.808785
0.685 -0.786471
0.69 -0.762957
0.695 -0.738278
0.7 -0.712472
0.705 -0.685578
0.71 -0.657637
0.715 -0.628693
0.72 -0.598789
0.725 -0.56797
0.73 -0.536285
0.735 -0.503781
0.74 -0.470507
0.745 -0.436516
0.75 -0.401858
0.755 -0.366587
0.76 -0.330756
0.765 -0.29442
0.77 -0.257634
0.775 -0.220455
0.78 -0.18294
0.785 -0.145145
0.79 -0.107129
0.795 -0.0689495
0.8 -0.0306645
0.805 0.0076673
0.81 0.0459874
0.815 0.0842373
0.82 0.122359
0.825 0.160293
0.83 0.197983
0.835 0.23537
0.84 0.272399
0.845 0.309011
0.85 0.345152
0.855 0.380765
0.86 0.415798
0.865 0.450195
0.87 0.483906
0.875 0.516877
0.88 0.54906
0.885 0.580404
0.89 0.610863
0.895 0.640388
0.9 0.668937
0.905 0.696464
0.91 0.722928
0.915 0.74829
0.92 0.77251
0.925 0.795554
0.93 0.817389
0.935 0.837986
0.94 0.857321
0.945 0.875376
0.95 0.892143
0.955 0.907626
0.96 0.921842
0.965 0.934831
0.97 0.946652
0.975 0.957395
0.98 0.967175
0.985 0.97614
0.99 0.984463
0.995 0.992344
1 1
