0 0
0.005 0.0306954
0.01 0.061344
0.015 0.0918988
0.02 0.122313
0.025 0.152541
0.03 0.182536
0.035 0.212253
0.04 0.241645
0.045 0.270668
0.05 0.299279
0.055 0.327432
0.06 0.355085
0.065 0.382197
0.07 0.408725
0.075 0.434628
0.08 0.459869
0.085 0.484407
0.09 0.508206
0.095 0.531229
0.1 0.553441
0.105 0.574808
0.11 0.595298
0.115 0.614879
0.12 0.633521
0.125 0.651196
0.13 0.667877
0.135 0.683538
0.14 0.698156
0.145 0.711708
0.15 0.724173
0.155 0.735533
0.16 0.74577
0.165 0.754868
0.17 0.762814
0.175 0.769596
0.18 0.775203
0.185 0.779626
0.19 0.782859
0.195 0.784897
0.2 0.785736
0.205 0.785376
0.21 0.783818
0.215 0.781062
0.22 0.777114
0.225 0.77198
0.23 0.765667
0.235 0.758186
0.24 0.749547
0.245 0.739763
0.25 0.728851
0.255 0.716825
0.26 0.703705
0.265 0.689511
0.27 0.674265
0.275 0.657989
0.28 0.640708
0.285 0.62245
0.29 0.603241
0.295 0.583111
0.3 0.562091
0.305 0.540213
0.31 0.51751
0.315 0.494018
0.32 0.469771
0.325 0.444806
0.33 0.419163
0.335 0.39288
0.34 0.365997
0.345 0.338556
0.35 0.310597
0.355 0.282164
0.36 0.253301
0.365 0.224051
0.37 0.194459
0.375 0.16457
0.38 0.13443
0.385 0.104084
0.39 0.0735798
0.395 0.0429631
0.4 0.0122808
0.405 -0.0184202
0.41 -0.0490932
0.415 -0.0796911
0.42 -0.110167
0.425 -0.140476
0.43 -0.170569
0.435 -0.200402
0.44 -0.22993
0.445 -0.259106
0.45 -0.287887
0.455 -0.316228
0.46 -0.344087
0.465 -0.37142
0.47 -0.398186
0.475 -0.424344
0.48 -0.449855
0.485 -0.474679
0.49 -0.498778
0.495 -0.522115
0.5 -0.544656
0.505 -0.566365
0.51 -0.587209
0.515 -0.607157
0.52 -0.626178
0.525 -0.644244
0.53 -0.661325
0.535 -0.677397
0.54 -0.692435
0.545 -0.706416
0.55 -0.719318
0.555 -0.731123
0.56 -0.741811
0.565 -0.751366
0.57 -0.759775
0.575 -0.767024
0.58 -0.773101
0.585 -0.777999
0.59 -0.781709
0.595 -0.784225
0.6 -0.785544
0.605 -0.785664
0.61 -0.784585
0.615 -0.782307
0.62 -0.778836
0.625 -0.774175
0.63 -0.768333
0.635 -0.761317
0.64 -0.753139
0.645 -0.743811
0.65 -0.733348
0.655 -0.721765
0.66 -0.70908
0.665 -0.695312
0.67 -0.680483
0.675 -0.664614
0.68 -0.64773
0.685 -0.629857
0.69 -0.611022
0.695 -0.591253
0.7 -0.570581
0.705 -0.549037
0.71 -0.526652
0.715 -0.503463
0.72 -0.479502
0.725 -0.454807
0.73 -0.429414
0.735 -0.403362
0.74 -0.37669
0.745 -0.349438
0.75 -0.321645
0.755 -0.293354
0.76 -0.264606
0.765 -0.235444
0.77 -0.205909
0.775 -0.176045
0.78 -0.145894
0.785 -0.1155
0.79 -0.0849061
0.795 -0.0541543
0.8 -0.0232872
0.805 0.00765315
0.81 0.0386253
0.815 0.0695887
0.82 0.100503
0.825 0.131331
0.83 0.162033
0.835 0.192573
0.84 0.222917
0.845 0.253032
0.85 0.282884
0.855 0.312445
0.86 0.341687
0.865 0.370584
0.87 0.399113
0.875 0.427253
0.88 0.454985
0.885 0.482293
0.89 0.509165
0.895 0.535591
0.9 0.561562
0.905 0.587075
0.91 0.612128
0.915 0.636723
0.92 0.660864
0.925 0.684559
0.93 0.707819
0.935 0.730657
0.94 0.75309
0.945 0.775137
0.95 0.796819
0.955 0.818162
0.96 0.839192
0.965 0.859938
0.97 0.880431
0.975 0.900703
0.98 0.92079
0.985 0.940725
0.99 0.960547
0.995 0.980293
1 1
