0 0
0.005 0.0305067
0.01 0.0609668
0.015 0.0913338
0.02 0.121561
0.025 0.151603
0.03 0.181414
0.035 0.210948
0.04 0.240159
0.045 0.269004
0.05 0.297438
0.055 0.325419
0.06 0.352902
0.065 0.379847
0.07 0.406211
0.075 0.431956
0.08 0.457041
0.085 0.481429
0.09 0.505081
0.095 0.527963
0.1 0.550038
0.105 0.571274
0.11 0.591637
0.115 0.611098
0.12 0.629625
0.125 0.647192
0.13 0.66377
0.135 0.679335
0.14 0.693863
0.145 0.707331
0.15 0.71972
0.155 0.73101
0.16 0.741184
0.165 0.750227
0.17 0.758124
0.175 0.764864
0.18 0.770436
0.185 0.774832
0.19 0.778045
0.195 0.78007
0.2 0.780905
0.205 0.780547
0.21 0.778998
0.215 0.776259
0.22 0.772336
0.225 0.767233
0.23 0.760959
0.235 0.753524
0.24 0.744938
0.245 0.735215
0.25 0.724369
0.255 0.712417
0.26 0.699378
0.265 0.685272
0.27 0.670119
0.275 0.653943
0.28 0.636769
0.285 0.618622
0.29 0.599532
0.295 0.579526
0.3 0.558635
0.305 0.536891
0.31 0.514328
0.315 0.49098
0.32 0.466882
0.325 0.442071
0.33 0.416586
0.335 0.390464
0.34 0.363747
0.345 0.336474
0.35 0.308687
0.355 0.280429
0.36 0.251744
0.365 0.222673
0.37 0.193263
0.375 0.163558
0.38 0.133603
0.385 0.103444
0.39 0.0731273
0.395 0.0426989
0.4 0.0122053
0.405 -0.018307
0.41 -0.0487913
0.415 -0.0792011
0.42 -0.10949
0.425 -0.139612
0.43 -0.16952
0.435 -0.19917
0.44 -0.228516
0.445 -0.257513
0.45 -0.286117
0.455 -0.314284
0.46 -0.341971
0.465 -0.369136
0.47 -0.395738
0.475 -0.421735
0.48 -0.447089
0.485 -0.47176
0.49 -0.495711
0.495 -0.518905
0.5 -0.541307
0.505 -0.562882
0.51 -0.583599
0.515 -0.603424
0.52 -0.622328
0.525 -0.640282
0.53 -0.657259
0.535 -0.673232
0.54 -0.688177
0.545 -0.702072
0.55 -0.714895
0.555 -0.726627
0.56 -0.737249
0.565 -0.746746
0.57 -0.755103
0.575 -0.762307
0.58 -0.768348
0.585 -0.773215
0.59 -0.776902
0.595 -0.779403
0.6 -0.780714
0.605 -0.780833
0.61 -0.77976
0.615 -0.777497
0.62 -0.774047
0.625 -0.769415
0.63 -0.763608
0.635 -0.756635
0.64 -0.748508
0.645 -0.739237
0.65 -0.728838
0.655 -0.717326
0.66 -0.704719
0.665 -0.691036
0.67 -0.676297
0.675 -0.660526
0.68 -0.643745
0.685 -0.625982
0.69 -0.607262
0.695 -0.587614
0.7 -0.567068
0.705 -0.545654
0.71 -0.523407
0.715 -0.500358
0.72 -0.476543
0.725 -0.451997
0.73 -0.426758
0.735 -0.400863
0.74 -0.374351
0.745 -0.347262
0.75 -0.319635
0.755 -0.291512
0.76 -0.262934
0.765 -0.233942
0.77 -0.204579
0.775 -0.174888
0.78 -0.14491
0.785 -0.114689
0.79 -0.0842666
0.795 -0.0536851
0.8 -0.0229865
0.805 0.00778769
0.81 0.0385967
0.815 0.0694003
0.82 0.100159
0.825 0.130836
0.83 0.161392
0.835 0.191792
0.84 0.222002
0.845 0.25199
0.85 0.281723
0.855 0.311173
0.86 0.340312
0.865 0.369116
0.87 0.397561
0.875 0.425627
0.88 0.453296
0.885 0.480552
0.89 0.507384
0.895 0.53378
0.9 0.559734
0.905 0.585241
0.91 0.610301
0.915 0.634914
0.92 0.659086
0.925 0.682824
0.93 0.706138
0.935 0.729042
0.94 0.751551
0.945 0.773686
0.95 0.795466
0.955 0.816915
0.96 0.838061
0.965 0.85893
0.97 0.879553
0.975 0.899962
0.98 0.92019
0.985 0.940272
0.99 0.960243
0.995 0.98014
1 1
