0 0
0.005 0.0303191
0.01 0.0605919
0.015 0.0907722
0.02 0.120814
0.025 0.150671
0.03 0.180298
0.035 0.20965
0.04 0.238682
0.045 0.26735
0.05 0.295609
0.055 0.323418
0.06 0.350732
0.065 0.377511
0.07 0.403714
0.075 0.4293
0.08 0.454231
0.085 0.478468
0.09 0.501975
0.095 0.524716
0.1 0.546656
0.105 0.567761
0.11 0.587999
0.115 0.60734
0.12 0.625754
0.125 0.643212
0.13 0.659688
0.135 0.675158
0.14 0.689596
0.145 0.702982
0.15 0.715295
0.155 0.726515
0.16 0.736627
0.165 0.745614
0.17 0.753462
0.175 0.760161
0.18 0.765699
0.185 0.770067
0.19 0.773261
0.195 0.775274
0.2 0.776103
0.205 0.775748
0.21 0.774208
0.215 0.771486
0.22 0.767587
0.225 0.762516
0.23 0.75628
0.235 0.74889
0.24 0.740357
0.245 0.730694
0.25 0.719915
0.255 0.708037
0.26 0.695078
0.265 0.681058
0.27 0.665998
0.275 0.649922
0.28 0.632853
0.285 0.614819
0.29 0.595845
0.295 0.575962
0.3 0.5552
0.305 0.53359
0.31 0.511166
0.315 0.487961
0.32 0.464011
0.325 0.439353
0.33 0.414024
0.335 0.388063
0.34 0.36151
0.345 0.334405
0.35 0.306789
0.355 0.278705
0.36 0.250196
0.365 0.221304
0.37 0.192075
0.375 0.162552
0.38 0.132781
0.385 0.102808
0.39 0.0726777
0.395 0.0424363
0.4 0.0121302
0.405 -0.0181944
0.41 -0.0484913
0.415 -0.0787141
0.42 -0.108817
0.425 -0.138753
0.43 -0.168478
0.435 -0.197946
0.44 -0.227111
0.445 -0.255929
0.45 -0.284357
0.455 -0.312351
0.46 -0.339868
0.465 -0.366866
0.47 -0.393304
0.475 -0.419142
0.48 -0.44434
0.485 -0.468859
0.49 -0.492663
0.495 -0.515714
0.5 -0.537978
0.505 -0.559421
0.51 -0.58001
0.515 -0.599714
0.52 -0.618501
0.525 -0.636345
0.53 -0.653217
0.535 -0.669092
0.54 -0.683946
0.545 -0.697755
0.55 -0.7105
0.555 -0.722159
0.56 -0.732716
0.565 -0.742155
0.57 -0.75046
0.575 -0.75762
0.58 -0.763623
0.585 -0.768461
0.59 -0.772125
0.595 -0.77461
0.6 -0.775913
0.605 -0.776032
0.61 -0.774965
0.615 -0.772716
0.62 -0.769287
0.625 -0.764683
0.63 -0.758912
0.635 -0.751983
0.64 -0.743905
0.645 -0.734691
0.65 -0.724356
0.655 -0.712915
0.66 -0.700385
0.665 -0.686785
0.67 -0.672137
0.675 -0.656462
0.68 -0.639784
0.685 -0.622129
0.69 -0.603524
0.695 -0.583996
0.7 -0.563575
0.705 -0.542292
0.71 -0.52018
0.715 -0.497271
0.72 -0.4736
0.725 -0.449203
0.73 -0.424116
0.735 -0.398377
0.74 -0.372024
0.745 -0.345096
0.75 -0.317634
0.755 -0.289677
0.76 -0.261267
0.765 -0.232445
0.77 -0.203252
0.775 -0.173732
0.78 -0.143925
0.785 -0.113874
0.79 -0.0836215
0.795 -0.0532083
0.8 -0.0226761
0.805 0.00793411
0.81 0.0385821
0.815 0.0692282
0.82 0.0998339
0.825 0.130361
0.83 0.160774
0.835 0.191037
0.84 0.221115
0.845 0.250978
0.85 0.280594
0.855 0.309935
0.86 0.338974
0.865 0.367686
0.87 0.396049
0.875 0.424044
0.88 0.451651
0.885 0.478857
0.89 0.505648
0.895 0.532016
0.9 0.557953
0.905 0.583456
0.91 0.608522
0.915 0.633154
0.92 0.657356
0.925 0.681135
0.93 0.704502
0.935 0.72747
0.94 0.750055
0.945 0.772274
0.95 0.794149
0.955 0.815703
0.96 0.83696
0.965 0.85795
0.97 0.8787
0.975 0.899241
0.98 0.919607
0.985 0.939831
0.99 0.959948
0.995 0.979992
1 1
