0 0
0.005 0.0301326
0.01 0.0602193
0.015 0.090214
0.02 0.120071
0.025 0.149745
0.03 0.17919
0.035 0.208361
0.04 0.237215
0.045 0.265706
0.05 0.293792
0.055 0.321429
0.06 0.348575
0.065 0.37519
0.07 0.401231
0.075 0.42666
0.08 0.451438
0.085 0.475526
0.09 0.498889
0.095 0.52149
0.1 0.543295
0.105 0.56427
0.11 0.584384
0.115 0.603606
0.12 0.621906
0.125 0.639257
0.13 0.655632
0.135 0.671006
0.14 0.685356
0.145 0.698659
0.15 0.710896
0.155 0.722048
0.16 0.732097
0.165 0.741029
0.17 0.748829
0.175 0.755486
0.18 0.76099
0.185 0.765332
0.19 0.768506
0.195 0.770507
0.2 0.771331
0.205 0.770978
0.21 0.769447
0.215 0.766742
0.22 0.762867
0.225 0.757827
0.23 0.75163
0.235 0.744285
0.24 0.735805
0.245 0.726201
0.25 0.715488
0.255 0.703683
0.26 0.690804
0.265 0.67687
0.27 0.661903
0.275 0.645926
0.28 0.628962
0.285 0.611038
0.29 0.592181
0.295 0.572421
0.3 0.551786
0.305 0.530309
0.31 0.508023
0.315 0.48496
0.32 0.461158
0.325 0.436652
0.33 0.411478
0.335 0.385677
0.34 0.359287
0.345 0.332349
0.35 0.304903
0.355 0.276991
0.36 0.248657
0.365 0.219943
0.37 0.190894
0.375 0.161553
0.38 0.131965
0.385 0.102176
0.39 0.0722308
0.395 0.0421754
0.4 0.0120556
0.405 -0.0180825
0.41 -0.0481931
0.415 -0.0782301
0.42 -0.108148
0.425 -0.1379
0.43 -0.167442
0.435 -0.196728
0.44 -0.225714
0.445 -0.254356
0.45 -0.282609
0.455 -0.310431
0.46 -0.337778
0.465 -0.36461
0.47 -0.390886
0.475 -0.416565
0.48 -0.441607
0.485 -0.465976
0.49 -0.489633
0.495 -0.512543
0.5 -0.53467
0.505 -0.555981
0.51 -0.576444
0.515 -0.596026
0.52 -0.614698
0.525 -0.632432
0.53 -0.649201
0.535 -0.664978
0.54 -0.67974
0.545 -0.693465
0.55 -0.706131
0.555 -0.717719
0.56 -0.728211
0.565 -0.737591
0.57 -0.745846
0.575 -0.752961
0.58 -0.758928
0.585 -0.763735
0.59 -0.767377
0.595 -0.769847
0.6 -0.771142
0.605 -0.77126
0.61 -0.7702
0.615 -0.767964
0.62 -0.764556
0.625 -0.759981
0.63 -0.754245
0.635 -0.747358
0.64 -0.73933
0.645 -0.730173
0.65 -0.719901
0.655 -0.70853
0.66 -0.696077
0.665 -0.682561
0.67 -0.668002
0.675 -0.652423
0.68 -0.635847
0.685 -0.6183
0.69 -0.599808
0.695 -0.580399
0.7 -0.560103
0.705 -0.538949
0.71 -0.516971
0.715 -0.494201
0.72 -0.470673
0.725 -0.446424
0.73 -0.421488
0.735 -0.395903
0.74 -0.369707
0.745 -0.34294
0.75 -0.315641
0.755 -0.287849
0.76 -0.259605
0.765 -0.230951
0.77 -0.201927
0.775 -0.172576
0.78 -0.142938
0.785 -0.113056
0.79 -0.0829708
0.795 -0.0527238
0.8 -0.0223559
0.805 0.00809258
0.81 0.0385818
0.815 0.0690727
0.82 0.0995272
0.825 0.129908
0.83 0.160179
0.835 0.190307
0.84 0.220256
0.845 0.249997
0.85 0.279498
0.855 0.308732
0.86 0.337672
0.865 0.366295
0.87 0.394578
0.875 0.422502
0.88 0.450049
0.885 0.477206
0.89 0.503958
0.895 0.530299
0.9 0.55622
0.905 0.581717
0.91 0.60679
0.915 0.63144
0.92 0.655671
0.925 0.679492
0.93 0.702911
0.935 0.725942
0.94 0.748599
0.945 0.770902
0.95 0.792869
0.955 0.814524
0.96 0.835891
0.965 0.856997
0.97 0.87787
0.975 0.898541
0.98 0.919041
0.985 0.939403
0.99 0.95966
0.995 0.979848
1 1
