0 0
0.005 0.0299474
0.01 0.059849
0.015 0.0896593
0.02 0.119333
0.025 0.148824
0.03 0.178088
0.035 0.20708
0.04 0.235756
0.045 0.264072
0.05 0.291985
0.055 0.319452
0.06 0.346432
0.065 0.372883
0.07 0.398764
0.075 0.424037
0.08 0.448662
0.085 0.472602
0.09 0.495821
0.095 0.518283
0.1 0.539954
0.105 0.5608
0.11 0.580791
0.115 0.599894
0.12 0.618082
0.125 0.635326
0.13 0.651601
0.135 0.66688
0.14 0.681142
0.145 0.694363
0.15 0.706525
0.155 0.717608
0.16 0.727596
0.165 0.736472
0.17 0.744225
0.175 0.750841
0.18 0.756311
0.185 0.760626
0.19 0.763781
0.195 0.765769
0.2 0.766588
0.205 0.766237
0.21 0.764716
0.215 0.762028
0.22 0.758176
0.225 0.753167
0.23 0.747008
0.235 0.739709
0.24 0.73128
0.245 0.721735
0.25 0.711089
0.255 0.699356
0.26 0.686556
0.265 0.672708
0.27 0.657833
0.275 0.641954
0.28 0.625094
0.285 0.607281
0.29 0.58854
0.295 0.568901
0.3 0.548393
0.305 0.527048
0.31 0.504899
0.315 0.481978
0.32 0.458322
0.325 0.433967
0.33 0.408948
0.335 0.383306
0.34 0.357078
0.345 0.330305
0.35 0.303028
0.355 0.275288
0.36 0.247128
0.365 0.218591
0.37 0.18972
0.375 0.160559
0.38 0.131154
0.385 0.101548
0.39 0.0717866
0.395 0.0419161
0.4 0.0119815
0.405 -0.0179713
0.41 -0.0478968
0.415 -0.0777491
0.42 -0.107483
0.425 -0.137052
0.43 -0.166412
0.435 -0.195519
0.44 -0.224326
0.445 -0.252792
0.45 -0.280871
0.455 -0.308522
0.46 -0.335701
0.465 -0.362368
0.47 -0.388482
0.475 -0.414003
0.48 -0.438892
0.485 -0.463111
0.49 -0.486623
0.495 -0.509391
0.5 -0.531383
0.505 -0.552563
0.51 -0.572899
0.515 -0.592361
0.52 -0.610919
0.525 -0.628544
0.53 -0.645209
0.535 -0.660889
0.54 -0.675561
0.545 -0.689201
0.55 -0.701789
0.555 -0.713305
0.56 -0.723733
0.565 -0.733056
0.57 -0.741259
0.575 -0.748331
0.58 -0.754261
0.585 -0.759039
0.59 -0.762658
0.595 -0.765113
0.6 -0.7664
0.605 -0.766517
0.61 -0.765464
0.615 -0.763242
0.62 -0.759855
0.625 -0.755308
0.63 -0.749607
0.635 -0.742762
0.64 -0.734783
0.645 -0.725682
0.65 -0.715473
0.655 -0.704172
0.66 -0.691795
0.665 -0.678362
0.67 -0.663892
0.675 -0.648408
0.68 -0.631934
0.685 -0.614494
0.69 -0.596115
0.695 -0.576824
0.7 -0.556651
0.705 -0.535626
0.71 -0.513781
0.715 -0.491149
0.72 -0.467763
0.725 -0.443659
0.73 -0.418873
0.735 -0.393442
0.74 -0.367402
0.745 -0.340794
0.75 -0.313656
0.755 -0.286027
0.76 -0.257948
0.765 -0.22946
0.77 -0.200604
0.775 -0.171419
0.78 -0.141949
0.785 -0.112234
0.79 -0.0823141
0.795 -0.0522313
0.8 -0.0220255
0.805 0.00826327
0.81 0.0385959
0.815 0.0689337
0.82 0.0992393
0.825 0.129476
0.83 0.159608
0.835 0.189602
0.84 0.219425
0.845 0.249045
0.85 0.278434
0.855 0.307563
0.86 0.336407
0.865 0.364942
0.87 0.393146
0.875 0.421001
0.88 0.44849
0.885 0.475598
0.89 0.502313
0.895 0.528626
0.9 0.554531
0.905 0.580024
0.91 0.605104
0.915 0.629772
0.92 0.654032
0.925 0.677893
0.93 0.701363
0.935 0.724454
0.94 0.747183
0.945 0.769566
0.95 0.791624
0.955 0.813377
0.96 0.83485
0.965 0.85607
0.97 0.877063
0.975 0.89786
0.98 0.918491
0.985 0.938987
0.99 0.959381
0.995 0.979708
1 1
