0 0
0.005 0.0297632
0.01 0.059481
0.015 0.089108
0.02 0.118599
0.025 0.147909
0.03 0.176993
0.035 0.205807
0.04 0.234306
0.045 0.262448
0.05 0.29019
0.055 0.317488
0.06 0.344302
0.065 0.37059
0.07 0.396312
0.075 0.421429
0.08 0.445903
0.085 0.469696
0.09 0.492772
0.095 0.515096
0.1 0.536634
0.105 0.557352
0.11 0.577219
0.115 0.596206
0.12 0.614282
0.125 0.63142
0.13 0.647594
0.135 0.66278
0.14 0.676953
0.145 0.690094
0.15 0.702181
0.155 0.713196
0.16 0.723122
0.165 0.731944
0.17 0.739649
0.175 0.746224
0.18 0.751661
0.185 0.755949
0.19 0.759084
0.195 0.76106
0.2 0.761874
0.205 0.761525
0.21 0.760014
0.215 0.757342
0.22 0.753514
0.225 0.748536
0.23 0.742415
0.235 0.73516
0.24 0.726784
0.245 0.717297
0.25 0.706716
0.255 0.695056
0.26 0.682335
0.265 0.668572
0.27 0.653788
0.275 0.638007
0.28 0.621251
0.285 0.603547
0.29 0.584921
0.295 0.565403
0.3 0.545021
0.305 0.523808
0.31 0.501794
0.315 0.479015
0.32 0.455504
0.325 0.431298
0.33 0.406434
0.335 0.380949
0.34 0.354882
0.345 0.328274
0.35 0.301165
0.355 0.273595
0.36 0.245609
0.365 0.217247
0.37 0.188553
0.375 0.159572
0.38 0.130347
0.385 0.100923
0.39 0.0713452
0.395 0.0416583
0.4 0.0119078
0.405 -0.0178608
0.41 -0.0476022
0.415 -0.077271
0.42 -0.106822
0.425 -0.136209
0.43 -0.165389
0.435 -0.194316
0.44 -0.222947
0.445 -0.251237
0.45 -0.279144
0.455 -0.306625
0.46 -0.333637
0.465 -0.36014
0.47 -0.386094
0.475 -0.411457
0.48 -0.436193
0.485 -0.460263
0.49 -0.48363
0.495 -0.506259
0.5 -0.528115
0.505 -0.549165
0.51 -0.569376
0.515 -0.588719
0.52 -0.607162
0.525 -0.624679
0.53 -0.641242
0.535 -0.656825
0.54 -0.671407
0.545 -0.684963
0.55 -0.697473
0.555 -0.708919
0.56 -0.719283
0.565 -0.728548
0.57 -0.736701
0.575 -0.74373
0.58 -0.749623
0.585 -0.754372
0.59 -0.757969
0.595 -0.760409
0.6 -0.761688
0.605 -0.761804
0.61 -0.760757
0.615 -0.758549
0.62 -0.755182
0.625 -0.750663
0.63 -0.744997
0.635 -0.738194
0.64 -0.730264
0.645 -0.721219
0.65 -0.711073
0.655 -0.69984
0.66 -0.687539
0.665 -0.674188
0.67 -0.659807
0.675 -0.644418
0.68 -0.628044
0.685 -0.610711
0.69 -0.592443
0.695 -0.57327
0.7 -0.55322
0.705 -0.532322
0.71 -0.510609
0.715 -0.488114
0.72 -0.464869
0.725 -0.44091
0.73 -0.416273
0.735 -0.390993
0.74 -0.365108
0.745 -0.338657
0.75 -0.311679
0.755 -0.284212
0.76 -0.256297
0.765 -0.227973
0.77 -0.199281
0.775 -0.170263
0.78 -0.140958
0.785 -0.111407
0.79 -0.0816512
0.795 -0.0517306
0.8 -0.0216849
0.805 0.00844633
0.81 0.0386244
0.815 0.0688114
0.82 0.0989703
0.825 0.129065
0.83 0.15906
0.835 0.188923
0.84 0.218621
0.845 0.248123
0.85 0.277401
0.855 0.306427
0.86 0.335176
0.865 0.363625
0.87 0.391753
0.875 0.419541
0.88 0.446972
0.885 0.474033
0.89 0.500711
0.895 0.526998
0.9 0.552888
0.905 0.578376
0.91 0.603463
0.915 0.628148
0.92 0.652437
0.925 0.676336
0.93 0.699856
0.935 0.723007
0.94 0.745806
0.945 0.768268
0.95 0.790412
0.955 0.812262
0.96 0.833839
0.965 0.855169
0.97 0.876279
0.975 0.897198
0.98 0.917955
0.985 0.938582
0.99 0.95911
0.995 0.979572
1 1
