0 0
0.005 0.0295802
0.01 0.0591153
0.015 0.0885601
0.02 0.11787
0.025 0.146999
0.03 0.175905
0.035 0.204541
0.04 0.232866
0.045 0.260835
0.05 0.288405
0.055 0.315536
0.06 0.342185
0.065 0.368311
0.07 0.393875
0.075 0.418838
0.08 0.443161
0.085 0.466808
0.09 0.489742
0.095 0.511929
0.1 0.533334
0.105 0.553925
0.11 0.57367
0.115 0.592539
0.12 0.610504
0.125 0.627537
0.13 0.643612
0.135 0.658704
0.14 0.672791
0.145 0.68585
0.15 0.697863
0.155 0.70881
0.16 0.718675
0.165 0.727443
0.17 0.7351
0.175 0.741636
0.18 0.747039
0.185 0.751301
0.19 0.754417
0.195 0.756381
0.2 0.75719
0.205 0.756843
0.21 0.755341
0.215 0.752685
0.22 0.748881
0.225 0.743933
0.23 0.73785
0.235 0.73064
0.24 0.722315
0.245 0.712887
0.25 0.702371
0.255 0.690782
0.26 0.678139
0.265 0.664461
0.27 0.649768
0.275 0.634083
0.28 0.617431
0.285 0.599836
0.29 0.581325
0.295 0.561926
0.3 0.54167
0.305 0.520587
0.31 0.498709
0.315 0.476069
0.32 0.452703
0.325 0.428646
0.33 0.403935
0.335 0.378606
0.34 0.3527
0.345 0.326256
0.35 0.299313
0.355 0.271913
0.36 0.244098
0.365 0.215911
0.37 0.187394
0.375 0.158591
0.38 0.129546
0.385 0.100303
0.39 0.0709065
0.395 0.0414022
0.4 0.0118346
0.405 -0.017751
0.41 -0.0473095
0.415 -0.0767959
0.42 -0.106165
0.425 -0.135372
0.43 -0.164372
0.435 -0.193122
0.44 -0.221576
0.445 -0.249693
0.45 -0.277428
0.455 -0.304739
0.46 -0.331586
0.465 -0.357926
0.47 -0.38372
0.475 -0.408927
0.48 -0.433511
0.485 -0.457433
0.49 -0.480657
0.495 -0.503146
0.5 -0.524868
0.505 -0.545788
0.51 -0.565875
0.515 -0.585099
0.52 -0.603429
0.525 -0.620838
0.53 -0.637299
0.535 -0.652787
0.54 -0.667278
0.545 -0.680751
0.55 -0.693185
0.555 -0.70456
0.56 -0.71486
0.565 -0.724068
0.57 -0.732171
0.575 -0.739157
0.58 -0.745014
0.585 -0.749733
0.59 -0.753308
0.595 -0.755733
0.6 -0.757004
0.605 -0.757119
0.61 -0.756079
0.615 -0.753884
0.62 -0.750538
0.625 -0.746047
0.63 -0.740416
0.635 -0.733655
0.64 -0.725773
0.645 -0.716783
0.65 -0.706699
0.655 -0.695535
0.66 -0.68331
0.665 -0.67004
0.67 -0.655747
0.675 -0.640452
0.68 -0.624178
0.685 -0.60695
0.69 -0.588794
0.695 -0.569737
0.7 -0.549808
0.705 -0.529037
0.71 -0.507456
0.715 -0.485096
0.72 -0.461991
0.725 -0.438176
0.73 -0.413685
0.735 -0.388556
0.74 -0.362825
0.745 -0.33653
0.75 -0.30971
0.755 -0.282403
0.76 -0.254649
0.765 -0.226488
0.77 -0.19796
0.775 -0.169105
0.78 -0.139964
0.785 -0.110576
0.79 -0.080982
0.795 -0.0512215
0.8 -0.0213339
0.805 0.00864188
0.81 0.0386676
0.815 0.0687059
0.82 0.0987201
0.825 0.128675
0.83 0.158536
0.835 0.188269
0.84 0.217844
0.845 0.247231
0.85 0.2764
0.855 0.305325
0.86 0.333981
0.865 0.362345
0.87 0.390398
0.875 0.41812
0.88 0.445495
0.885 0.472509
0.89 0.499152
0.895 0.525413
0.9 0.551288
0.905 0.576772
0.91 0.601865
0.915 0.626567
0.92 0.650884
0.925 0.674822
0.93 0.698389
0.935 0.721599
0.94 0.744465
0.945 0.767004
0.95 0.789234
0.955 0.811177
0.96 0.832855
0.965 0.854293
0.97 0.875516
0.975 0.896554
0.98 0.917435
0.985 0.938188
0.99 0.958846
0.995 0.979439
1 1
