0 0
0.005 0.0293983
0.01 0.0587518
0.015 0.0880155
0.02 0.117145
0.025 0.146095
0.03 0.174823
0.035 0.203284
0.04 0.231434
0.045 0.259231
0.05 0.286632
0.055 0.313596
0.06 0.340081
0.065 0.366046
0.07 0.391453
0.075 0.416263
0.08 0.440436
0.085 0.463938
0.09 0.486731
0.095 0.508781
0.1 0.530055
0.105 0.550519
0.11 0.570143
0.115 0.588896
0.12 0.60675
0.125 0.623678
0.13 0.639654
0.135 0.654654
0.14 0.668654
0.145 0.681633
0.15 0.693572
0.155 0.704452
0.16 0.714256
0.165 0.72297
0.17 0.73058
0.175 0.737075
0.18 0.742445
0.185 0.746681
0.19 0.749778
0.195 0.75173
0.2 0.752534
0.205 0.752189
0.21 0.750696
0.215 0.748057
0.22 0.744276
0.225 0.739359
0.23 0.733313
0.235 0.726147
0.24 0.717873
0.245 0.708503
0.25 0.698052
0.255 0.686535
0.26 0.673969
0.265 0.660375
0.27 0.645773
0.275 0.630185
0.28 0.613634
0.285 0.596147
0.29 0.57775
0.295 0.558471
0.3 0.538339
0.305 0.517386
0.31 0.495642
0.315 0.473142
0.32 0.44992
0.325 0.42601
0.33 0.401451
0.335 0.376278
0.34 0.350531
0.345 0.324249
0.35 0.297472
0.355 0.270241
0.36 0.242597
0.365 0.214583
0.37 0.186242
0.375 0.157616
0.38 0.128749
0.385 0.0996859
0.39 0.0704705
0.395 0.0411476
0.4 0.0117618
0.405 -0.0176419
0.41 -0.0470186
0.415 -0.0763236
0.42 -0.105512
0.425 -0.13454
0.43 -0.163362
0.435 -0.191934
0.44 -0.220214
0.445 -0.248157
0.45 -0.275722
0.455 -0.302865
0.46 -0.329547
0.465 -0.355725
0.47 -0.38136
0.475 -0.406413
0.48 -0.430846
0.485 -0.45462
0.49 -0.477701
0.495 -0.500052
0.5 -0.521641
0.505 -0.542432
0.51 -0.562396
0.515 -0.581501
0.52 -0.599718
0.525 -0.61702
0.53 -0.63338
0.535 -0.648773
0.54 -0.663175
0.545 -0.676565
0.55 -0.688922
0.555 -0.700228
0.56 -0.710464
0.565 -0.719616
0.57 -0.727669
0.575 -0.734612
0.58 -0.740432
0.585 -0.745123
0.59 -0.748676
0.595 -0.751086
0.6 -0.752349
0.605 -0.752464
0.61 -0.751429
0.615 -0.749248
0.62 -0.745923
0.625 -0.741459
0.63 -0.735862
0.635 -0.729142
0.64 -0.721309
0.645 -0.712374
0.65 -0.702352
0.655 -0.691257
0.66 -0.679105
0.665 -0.665917
0.67 -0.651711
0.675 -0.636509
0.68 -0.620334
0.685 -0.603211
0.69 -0.585165
0.695 -0.566224
0.7 -0.546416
0.705 -0.525771
0.71 -0.50432
0.715 -0.482094
0.72 -0.459128
0.725 -0.435455
0.73 -0.411111
0.735 -0.386131
0.74 -0.360552
0.745 -0.334412
0.75 -0.307748
0.755 -0.2806
0.76 -0.253006
0.765 -0.225006
0.77 -0.19664
0.775 -0.167947
0.78 -0.138967
0.785 -0.10974
0.79 -0.0803062
0.795 -0.0507039
0.8 -0.0209723
0.805 0.00885002
0.81 0.0387255
0.815 0.0686171
0.82 0.0984889
0.825 0.128306
0.83 0.158034
0.835 0.187641
0.84 0.217095
0.845 0.246367
0.85 0.275429
0.855 0.304255
0.86 0.33282
0.865 0.361102
0.87 0.389081
0.875 0.416738
0.88 0.444058
0.885 0.471027
0.89 0.497634
0.895 0.523871
0.9 0.549731
0.905 0.575211
0.91 0.60031
0.915 0.625029
0.92 0.649373
0.925 0.673348
0.93 0.696962
0.935 0.720229
0.94 0.743161
0.945 0.765774
0.95 0.788088
0.955 0.810122
0.96 0.831898
0.965 0.85344
0.97 0.874775
0.975 0.895928
0.98 0.916929
0.985 0.937806
0.99 0.958589
0.995 0.97931
1 1
