0 0
0.005 0.0292176
0.01 0.0583905
0.015 0.0874743
0.02 0.116425
0.025 0.145197
0.03 0.173748
0.035 0.202034
0.04 0.230011
0.045 0.257637
0.05 0.28487
0.055 0.311667
0.06 0.337989
0.065 0.363796
0.07 0.389046
0.075 0.413703
0.08 0.437728
0.085 0.461085
0.09 0.483738
0.095 0.505653
0.1 0.526795
0.105 0.547134
0.11 0.566637
0.115 0.585275
0.12 0.60302
0.125 0.619844
0.13 0.635721
0.135 0.650628
0.14 0.664542
0.145 0.677442
0.15 0.689307
0.155 0.70012
0.16 0.709864
0.165 0.718525
0.17 0.726088
0.175 0.732543
0.18 0.73788
0.185 0.74209
0.19 0.745167
0.195 0.747107
0.2 0.747906
0.205 0.747564
0.21 0.74608
0.215 0.743457
0.22 0.7397
0.225 0.734813
0.23 0.728804
0.235 0.721682
0.24 0.713459
0.245 0.704147
0.25 0.69376
0.255 0.682313
0.26 0.669825
0.265 0.656314
0.27 0.641802
0.275 0.62631
0.28 0.609861
0.285 0.592482
0.29 0.574198
0.295 0.555037
0.3 0.535029
0.305 0.514204
0.31 0.492595
0.315 0.470233
0.32 0.447153
0.325 0.423391
0.33 0.398982
0.335 0.373965
0.34 0.348376
0.345 0.322256
0.35 0.295643
0.355 0.268579
0.36 0.241106
0.365 0.213264
0.37 0.185096
0.375 0.156647
0.38 0.127957
0.385 0.0990729
0.39 0.0700372
0.395 0.0408946
0.4 0.0116895
0.405 -0.0175334
0.41 -0.0467295
0.415 -0.0758543
0.42 -0.104863
0.425 -0.133712
0.43 -0.162357
0.435 -0.190754
0.44 -0.21886
0.445 -0.246631
0.45 -0.274026
0.455 -0.301003
0.46 -0.32752
0.465 -0.353538
0.47 -0.379015
0.475 -0.403914
0.48 -0.428196
0.485 -0.451825
0.49 -0.474764
0.495 -0.496978
0.5 -0.518433
0.505 -0.539097
0.51 -0.558938
0.515 -0.577925
0.52 -0.596031
0.525 -0.613226
0.53 -0.629485
0.535 -0.644784
0.54 -0.659097
0.545 -0.672405
0.55 -0.684686
0.555 -0.695922
0.56 -0.706096
0.565 -0.715191
0.57 -0.723195
0.575 -0.730094
0.58 -0.73588
0.585 -0.740541
0.59 -0.744072
0.595 -0.746467
0.6 -0.747723
0.605 -0.747836
0.61 -0.746809
0.615 -0.744641
0.62 -0.741336
0.625 -0.736899
0.63 -0.731337
0.635 -0.724658
0.64 -0.716873
0.645 -0.707993
0.65 -0.698031
0.655 -0.687004
0.66 -0.674927
0.665 -0.661819
0.67 -0.647699
0.675 -0.63259
0.68 -0.616514
0.685 -0.599495
0.69 -0.581558
0.695 -0.562732
0.7 -0.543044
0.705 -0.522523
0.71 -0.501201
0.715 -0.479109
0.72 -0.45628
0.725 -0.432749
0.73 -0.408549
0.735 -0.383717
0.74 -0.358289
0.745 -0.332302
0.75 -0.305794
0.755 -0.278803
0.76 -0.251367
0.765 -0.223527
0.77 -0.195321
0.775 -0.166788
0.78 -0.137968
0.785 -0.1089
0.79 -0.0796237
0.795 -0.0501776
0.8 -0.0206001
0.805 0.00907086
0.81 0.0387981
0.815 0.0685451
0.82 0.0982764
0.825 0.127958
0.83 0.157555
0.835 0.187037
0.84 0.216372
0.845 0.245532
0.85 0.274489
0.855 0.303218
0.86 0.331693
0.865 0.359894
0.87 0.3878
0.875 0.415394
0.88 0.44266
0.885 0.469585
0.89 0.496157
0.895 0.52237
0.9 0.548216
0.905 0.573692
0.91 0.598797
0.915 0.623532
0.92 0.647902
0.925 0.671913
0.93 0.695574
0.935 0.718896
0.94 0.741892
0.945 0.764578
0.95 0.786973
0.955 0.809095
0.96 0.830967
0.965 0.852611
0.97 0.874053
0.975 0.895319
0.98 0.916436
0.985 0.937434
0.99 0.95834
0.995 0.979185
1 1
