0 0
0.005 0.0290379
0.01 0.0580315
0.015 0.0869364
0.02 0.115709
0.025 0.144304
0.03 0.17268
0.035 0.200791
0.04 0.228596
0.045 0.256053
0.05 0.283118
0.055 0.309751
0.06 0.335911
0.065 0.361559
0.07 0.386654
0.075 0.411159
0.08 0.435037
0.085 0.45825
0.09 0.480764
0.095 0.502544
0.1 0.523556
0.105 0.543769
0.11 0.563153
0.115 0.581676
0.12 0.599312
0.125 0.616032
0.13 0.631812
0.135 0.646628
0.14 0.660456
0.145 0.673276
0.15 0.685069
0.155 0.695815
0.16 0.705499
0.165 0.714106
0.17 0.721623
0.175 0.728039
0.18 0.733343
0.185 0.737527
0.19 0.740586
0.195 0.742513
0.2 0.743308
0.205 0.742967
0.21 0.741493
0.215 0.738886
0.22 0.735151
0.225 0.730294
0.23 0.724322
0.235 0.717245
0.24 0.709072
0.245 0.699817
0.25 0.689494
0.255 0.678118
0.26 0.665706
0.265 0.652279
0.27 0.637856
0.275 0.622458
0.28 0.606111
0.285 0.588838
0.29 0.570667
0.295 0.551624
0.3 0.531739
0.305 0.511042
0.31 0.489566
0.315 0.467341
0.32 0.444404
0.325 0.420788
0.33 0.396529
0.335 0.371665
0.34 0.346234
0.345 0.320274
0.35 0.293825
0.355 0.266928
0.36 0.239623
0.365 0.211953
0.37 0.183958
0.375 0.155683
0.38 0.127171
0.385 0.0984637
0.39 0.0696066
0.395 0.0406431
0.4 0.0116176
0.405 -0.0174256
0.41 -0.0464422
0.415 -0.0753879
0.42 -0.104219
0.425 -0.13289
0.43 -0.161359
0.435 -0.189581
0.44 -0.217514
0.445 -0.245115
0.45 -0.272341
0.455 -0.299152
0.46 -0.325506
0.465 -0.351364
0.47 -0.376685
0.475 -0.40143
0.48 -0.425563
0.485 -0.449047
0.49 -0.471844
0.495 -0.493922
0.5 -0.515245
0.505 -0.535782
0.51 -0.555501
0.515 -0.574372
0.52 -0.592366
0.525 -0.609455
0.53 -0.625615
0.535 -0.640819
0.54 -0.655045
0.545 -0.66827
0.55 -0.680476
0.555 -0.691643
0.56 -0.701754
0.565 -0.710793
0.57 -0.718748
0.575 -0.725605
0.58 -0.731355
0.585 -0.735987
0.59 -0.739497
0.595 -0.741877
0.6 -0.743125
0.605 -0.743238
0.61 -0.742216
0.615 -0.740061
0.62 -0.736776
0.625 -0.732367
0.63 -0.726839
0.635 -0.720201
0.64 -0.712463
0.645 -0.703637
0.65 -0.693737
0.655 -0.682777
0.66 -0.670773
0.665 -0.657745
0.67 -0.643712
0.675 -0.628695
0.68 -0.612716
0.685 -0.5958
0.69 -0.577973
0.695 -0.55926
0.7 -0.539691
0.705 -0.519294
0.71 -0.4981
0.715 -0.47614
0.72 -0.453448
0.725 -0.430056
0.73 -0.406
0.735 -0.381315
0.74 -0.356036
0.745 -0.330201
0.75 -0.303846
0.755 -0.277011
0.76 -0.249732
0.765 -0.22205
0.77 -0.194002
0.775 -0.165627
0.78 -0.136965
0.785 -0.108055
0.79 -0.0789344
0.795 -0.0496425
0.8 -0.0202171
0.805 0.00930446
0.81 0.0388855
0.815 0.0684899
0.82 0.0980828
0.825 0.12763
0.83 0.157099
0.835 0.186458
0.84 0.215677
0.845 0.244726
0.85 0.27358
0.855 0.302212
0.86 0.3306
0.865 0.358721
0.87 0.386556
0.875 0.414088
0.88 0.441301
0.885 0.468182
0.89 0.494721
0.895 0.520909
0.9 0.546741
0.905 0.572213
0.91 0.597324
0.915 0.622075
0.92 0.646471
0.925 0.670517
0.93 0.694223
0.935 0.717598
0.94 0.740657
0.945 0.763414
0.95 0.785888
0.955 0.808096
0.96 0.830061
0.965 0.851805
0.97 0.873351
0.975 0.894727
0.98 0.915958
0.985 0.937071
0.99 0.958097
0.995 0.979063
1 1
