0 0
0.005 0.0380914
0.01 0.0761247
0.015 0.114042
0.02 0.151785
0.025 0.189296
0.03 0.226518
0.035 0.263395
0.04 0.299869
0.045 0.335886
0.05 0.37139
0.055 0.406326
0.06 0.440643
0.065 0.474287
0.07 0.507207
0.075 0.539352
0.08 0.570674
0.085 0.601125
0.09 0.630658
0.095 0.659228
0.1 0.686792
0.105 0.713308
0.11 0.738735
0.115 0.763033
0.12 0.786167
0.125 0.808101
0.13 0.828801
0.135 0.848236
0.14 0.866376
0.145 0.883193
0.15 0.898662
0.155 0.912759
0.16 0.925463
0.165 0.936753
0.17 0.946614
0.175 0.95503
0.18 0.961987
0.185 0.967476
0.19 0.971488
0.195 0.974017
0.2 0.975059
0.205 0.974612
0.21 0.972678
0.215 0.969259
0.22 0.96436
0.225 0.957988
0.23 0.950154
0.235 0.94087
0.24 0.930149
0.245 0.918009
0.25 0.904467
0.255 0.889544
0.26 0.873263
0.265 0.855649
0.27 0.836729
0.275 0.816531
0.28 0.795087
0.285 0.772429
0.29 0.748592
0.295 0.723612
0.3 0.697527
0.305 0.670377
0.31 0.642204
0.315 0.613051
0.32 0.582962
0.325 0.551982
0.33 0.52016
0.335 0.487544
0.34 0.454184
0.345 0.42013
0.35 0.385435
0.355 0.350152
0.36 0.314334
0.365 0.278036
0.37 0.241314
0.375 0.204223
0.38 0.16682
0.385 0.129163
0.39 0.0913088
0.395 0.053315
0.4 0.0152398
0.405 -0.0228586
0.41 -0.0609221
0.415 -0.0988926
0.42 -0.136712
0.425 -0.174323
0.43 -0.211668
0.435 -0.248689
0.44 -0.285331
0.445 -0.321538
0.45 -0.357253
0.455 -0.392423
0.46 -0.426994
0.465 -0.460913
0.47 -0.494129
0.475 -0.52659
0.48 -0.558247
0.485 -0.589052
0.49 -0.618958
0.495 -0.647919
0.5 -0.67589
0.505 -0.70283
0.51 -0.728697
0.515 -0.753452
0.52 -0.777056
0.525 -0.799474
0.53 -0.820671
0.535 -0.840616
0.54 -0.859277
0.545 -0.876627
0.55 -0.892638
0.555 -0.907286
0.56 -0.92055
0.565 -0.932408
0.57 -0.942842
0.575 -0.951838
0.58 -0.95938
0.585 -0.965457
0.59 -0.970061
0.595 -0.973184
0.6 -0.974821
0.605 -0.97497
0.61 -0.97363
0.615 -0.970804
0.62 -0.966496
0.625 -0.960713
0.63 -0.953463
0.635 -0.944757
0.64 -0.934609
0.645 -0.923034
0.65 -0.91005
0.655 -0.895677
0.66 -0.879937
0.665 -0.862853
0.67 -0.844452
0.675 -0.824761
0.68 -0.803812
0.685 -0.781635
0.69 -0.758266
0.695 -0.733738
0.7 -0.708091
0.705 -0.681362
0.71 -0.653594
0.715 -0.624827
0.72 -0.595107
0.725 -0.564478
0.73 -0.532987
0.735 -0.500683
0.74 -0.467614
0.745 -0.433832
0.75 -0.399387
0.755 -0.364332
0.76 -0.328722
0.765 -0.292609
0.77 -0.25605
0.775 -0.2191
0.78 -0.181815
0.785 -0.144253
0.79 -0.10647
0.795 -0.0685255
0.8 -0.0304759
0.805 0.00762015
0.81 0.0457046
0.815 0.0837193
0.82 0.121606
0.825 0.159307
0.83 0.196765
0.835 0.233923
0.84 0.270724
0.845 0.307111
0.85 0.343029
0.855 0.378424
0.86 0.413241
0.865 0.447427
0.87 0.48093
0.875 0.513699
0.88 0.545684
0.885 0.576836
0.89 0.607107
0.895 0.636452
0.9 0.664825
0.905 0.692185
0.91 0.71849
0.915 0.743702
0.92 0.767784
0.925 0.790703
0.93 0.812432
0.935 0.832946
0.94 0.852229
0.945 0.870273
0.95 0.88708
0.955 0.902666
0.96 0.917062
0.965 0.93032
0.97 0.94251
0.975 0.953726
0.98 0.964084
0.985 0.973723
0.99 0.982802
0.995 0.991498
1 1
