0 0
0.005 0.0288593
0.01 0.0576746
0.015 0.0864019
0.02 0.114997
0.025 0.143417
0.03 0.171618
0.035 0.199557
0.04 0.227191
0.045 0.254478
0.05 0.281377
0.055 0.307846
0.06 0.333846
0.065 0.359335
0.07 0.384277
0.075 0.408631
0.08 0.432362
0.085 0.455432
0.09 0.477808
0.095 0.499453
0.1 0.520337
0.105 0.540426
0.11 0.55969
0.115 0.578099
0.12 0.595626
0.125 0.612244
0.13 0.627927
0.135 0.642652
0.14 0.656395
0.145 0.669136
0.15 0.680856
0.155 0.691537
0.16 0.701161
0.165 0.709715
0.17 0.717186
0.175 0.723562
0.18 0.728833
0.185 0.732992
0.19 0.736032
0.195 0.737948
0.2 0.738737
0.205 0.738399
0.21 0.736933
0.215 0.734343
0.22 0.730631
0.225 0.725804
0.23 0.719869
0.235 0.712834
0.24 0.704712
0.245 0.695514
0.25 0.685254
0.255 0.673948
0.26 0.661613
0.265 0.648268
0.27 0.633933
0.275 0.618631
0.28 0.602384
0.285 0.585218
0.29 0.567158
0.295 0.548232
0.3 0.528469
0.305 0.5079
0.31 0.486555
0.315 0.464468
0.32 0.441671
0.325 0.4182
0.33 0.394091
0.335 0.36938
0.34 0.344105
0.345 0.318305
0.35 0.292019
0.355 0.265287
0.36 0.23815
0.365 0.210649
0.37 0.182827
0.375 0.154726
0.38 0.126389
0.385 0.0978583
0.39 0.0691786
0.395 0.0403932
0.4 0.0115462
0.405 -0.0173184
0.41 -0.0461566
0.415 -0.0749244
0.42 -0.103578
0.425 -0.132073
0.43 -0.160367
0.435 -0.188415
0.44 -0.216176
0.445 -0.243608
0.45 -0.270667
0.455 -0.297313
0.46 -0.323505
0.465 -0.349203
0.47 -0.374368
0.475 -0.398962
0.48 -0.422947
0.485 -0.446285
0.49 -0.468943
0.495 -0.490885
0.5 -0.512077
0.505 -0.532488
0.51 -0.552085
0.515 -0.57084
0.52 -0.588723
0.525 -0.605708
0.53 -0.621768
0.535 -0.636878
0.54 -0.651017
0.545 -0.664161
0.55 -0.676292
0.555 -0.68739
0.56 -0.697439
0.565 -0.706423
0.57 -0.714328
0.575 -0.721143
0.58 -0.726857
0.585 -0.731462
0.59 -0.734949
0.595 -0.737315
0.6 -0.738555
0.605 -0.738667
0.61 -0.737652
0.615 -0.73551
0.62 -0.732245
0.625 -0.727862
0.63 -0.722368
0.635 -0.715771
0.64 -0.70808
0.645 -0.699308
0.65 -0.689468
0.655 -0.678575
0.66 -0.666645
0.665 -0.653696
0.67 -0.639748
0.675 -0.624822
0.68 -0.608941
0.685 -0.592127
0.69 -0.574408
0.695 -0.555808
0.7 -0.536357
0.705 -0.516082
0.71 -0.495016
0.715 -0.473187
0.72 -0.45063
0.725 -0.427378
0.73 -0.403464
0.735 -0.378923
0.74 -0.353792
0.745 -0.328107
0.75 -0.301905
0.755 -0.275224
0.76 -0.248101
0.765 -0.220574
0.77 -0.192683
0.775 -0.164465
0.78 -0.135959
0.785 -0.107204
0.79 -0.078238
0.795 -0.0490985
0.8 -0.0198232
0.805 0.0095509
0.81 0.0389876
0.815 0.0684515
0.82 0.097908
0.825 0.127324
0.83 0.156666
0.835 0.185904
0.84 0.215007
0.845 0.243948
0.85 0.2727
0.855 0.301239
0.86 0.32954
0.865 0.357582
0.87 0.385348
0.875 0.412818
0.88 0.439979
0.885 0.466818
0.89 0.493324
0.895 0.519488
0.9 0.545306
0.905 0.570774
0.91 0.595891
0.915 0.620657
0.92 0.645078
0.925 0.669159
0.93 0.692908
0.935 0.716336
0.94 0.739456
0.945 0.762282
0.95 0.784832
0.955 0.807125
0.96 0.82918
0.965 0.85102
0.97 0.872669
0.975 0.89415
0.98 0.915492
0.985 0.936719
0.99 0.957861
0.995 0.978945
1 1
