0 0
0.005 0.0286819
0.01 0.05732
0.015 0.0858706
0.02 0.11429
0.025 0.142535
0.03 0.170563
0.035 0.19833
0.04 0.225794
0.045 0.252913
0.05 0.279647
0.055 0.305953
0.06 0.331793
0.065 0.357126
0.07 0.381914
0.075 0.406118
0.08 0.429703
0.085 0.452632
0.09 0.47487
0.095 0.496382
0.1 0.517137
0.105 0.537103
0.11 0.556248
0.115 0.574545
0.12 0.591964
0.125 0.60848
0.13 0.624066
0.135 0.6387
0.14 0.652359
0.145 0.665022
0.15 0.67667
0.155 0.687284
0.16 0.69685
0.165 0.705351
0.17 0.712776
0.175 0.719113
0.18 0.724352
0.185 0.728485
0.19 0.731506
0.195 0.73341
0.2 0.734195
0.205 0.733858
0.21 0.732402
0.215 0.729827
0.22 0.726138
0.225 0.721341
0.23 0.715442
0.235 0.708451
0.24 0.700379
0.245 0.691237
0.25 0.68104
0.255 0.669804
0.26 0.657545
0.265 0.644282
0.27 0.630035
0.275 0.614827
0.28 0.59868
0.285 0.581619
0.29 0.56367
0.295 0.544861
0.3 0.52522
0.305 0.504777
0.31 0.483563
0.315 0.461612
0.32 0.438955
0.325 0.415629
0.33 0.391668
0.335 0.367109
0.34 0.341989
0.345 0.316348
0.35 0.290223
0.355 0.263655
0.36 0.236685
0.365 0.209354
0.37 0.181703
0.375 0.153775
0.38 0.125611
0.385 0.0972566
0.39 0.0687532
0.395 0.0401448
0.4 0.0114752
0.405 -0.0172119
0.41 -0.0458728
0.415 -0.0744637
0.42 -0.102941
0.425 -0.131261
0.43 -0.15938
0.435 -0.187257
0.44 -0.214847
0.445 -0.24211
0.45 -0.269002
0.455 -0.295485
0.46 -0.321516
0.465 -0.347056
0.47 -0.372066
0.475 -0.396509
0.48 -0.420346
0.485 -0.443541
0.49 -0.46606
0.495 -0.487866
0.5 -0.508928
0.505 -0.529213
0.51 -0.54869
0.515 -0.56733
0.52 -0.585103
0.525 -0.601983
0.53 -0.617945
0.535 -0.632962
0.54 -0.647014
0.545 -0.660077
0.55 -0.672133
0.555 -0.683163
0.56 -0.69315
0.565 -0.702079
0.57 -0.709936
0.575 -0.716709
0.58 -0.722388
0.585 -0.726964
0.59 -0.73043
0.595 -0.732781
0.6 -0.734013
0.605 -0.734125
0.61 -0.733115
0.615 -0.730987
0.62 -0.727742
0.625 -0.723386
0.63 -0.717925
0.635 -0.711368
0.64 -0.703724
0.645 -0.695006
0.65 -0.685226
0.655 -0.674399
0.66 -0.662542
0.665 -0.649672
0.67 -0.635808
0.675 -0.620973
0.68 -0.605188
0.685 -0.588476
0.69 -0.570863
0.695 -0.552376
0.7 -0.533042
0.705 -0.512889
0.71 -0.491948
0.715 -0.47025
0.72 -0.447827
0.725 -0.424712
0.73 -0.400939
0.735 -0.376543
0.74 -0.351559
0.745 -0.326023
0.75 -0.299971
0.755 -0.273442
0.76 -0.246473
0.765 -0.219101
0.77 -0.191364
0.775 -0.163301
0.78 -0.13495
0.785 -0.106349
0.79 -0.0775345
0.795 -0.0485455
0.8 -0.0194184
0.805 0.00981021
0.81 0.0391046
0.815 0.0684299
0.82 0.0977518
0.825 0.127037
0.83 0.156255
0.835 0.185373
0.84 0.214364
0.845 0.243198
0.85 0.271851
0.855 0.300296
0.86 0.328512
0.865 0.356478
0.87 0.384175
0.875 0.411585
0.88 0.438695
0.885 0.465492
0.89 0.491965
0.895 0.518106
0.9 0.543911
0.905 0.569374
0.91 0.594496
0.915 0.619278
0.92 0.643723
0.925 0.667837
0.93 0.691628
0.935 0.715107
0.94 0.738286
0.945 0.76118
0.95 0.783805
0.955 0.806179
0.96 0.828322
0.965 0.850257
0.97 0.872004
0.975 0.89359
0.98 0.915039
0.985 0.936377
0.99 0.957631
0.995 0.97883
1 1
