0 0
0.005 0.0285055
0.01 0.0569675
0.015 0.0853426
0.02 0.113587
0.025 0.141659
0.03 0.169514
0.035 0.19711
0.04 0.224405
0.045 0.251358
0.05 0.277927
0.055 0.304072
0.06 0.329753
0.065 0.35493
0.07 0.379565
0.075 0.403621
0.08 0.427061
0.085 0.449849
0.09 0.47195
0.095 0.49333
0.1 0.513957
0.105 0.5338
0.11 0.552828
0.115 0.571012
0.12 0.588324
0.125 0.604738
0.13 0.620229
0.135 0.634773
0.14 0.648348
0.145 0.660933
0.15 0.672509
0.155 0.683058
0.16 0.692565
0.165 0.701014
0.17 0.708394
0.175 0.714691
0.18 0.719898
0.185 0.724006
0.19 0.727008
0.195 0.7289
0.2 0.72968
0.205 0.729346
0.21 0.727898
0.215 0.725339
0.22 0.721673
0.225 0.716905
0.23 0.711043
0.235 0.704095
0.24 0.696072
0.245 0.686987
0.25 0.676853
0.255 0.665685
0.26 0.653502
0.265 0.64032
0.27 0.626161
0.275 0.611047
0.28 0.594999
0.285 0.578043
0.29 0.560204
0.295 0.541511
0.3 0.52199
0.305 0.501673
0.31 0.48059
0.315 0.458773
0.32 0.436256
0.325 0.413073
0.33 0.389259
0.335 0.364851
0.34 0.339886
0.345 0.314402
0.35 0.288438
0.355 0.262034
0.36 0.23523
0.365 0.208067
0.37 0.180586
0.375 0.152829
0.38 0.124839
0.385 0.0966585
0.39 0.0683304
0.395 0.039898
0.4 0.0114046
0.405 -0.0171061
0.41 -0.0455907
0.415 -0.0740058
0.42 -0.102308
0.425 -0.130454
0.43 -0.1584
0.435 -0.186105
0.44 -0.213526
0.445 -0.240621
0.45 -0.267348
0.455 -0.293668
0.46 -0.319539
0.465 -0.344922
0.47 -0.369779
0.475 -0.394071
0.48 -0.417761
0.485 -0.440814
0.49 -0.463194
0.495 -0.484866
0.5 -0.505799
0.505 -0.525959
0.51 -0.545317
0.515 -0.563841
0.52 -0.581505
0.525 -0.598282
0.53 -0.614145
0.535 -0.62907
0.54 -0.643035
0.545 -0.656019
0.55 -0.668
0.555 -0.678962
0.56 -0.688888
0.565 -0.697762
0.57 -0.70557
0.575 -0.712302
0.58 -0.717946
0.585 -0.722493
0.59 -0.725938
0.595 -0.728275
0.6 -0.729499
0.605 -0.72961
0.61 -0.728607
0.615 -0.726491
0.62 -0.723266
0.625 -0.718936
0.63 -0.713509
0.635 -0.706992
0.64 -0.699395
0.645 -0.69073
0.65 -0.681009
0.655 -0.670248
0.66 -0.658463
0.665 -0.645671
0.67 -0.631892
0.675 -0.617146
0.68 -0.601457
0.685 -0.584846
0.69 -0.56734
0.695 -0.548964
0.7 -0.529745
0.705 -0.509713
0.71 -0.488898
0.715 -0.467329
0.72 -0.445039
0.725 -0.42206
0.73 -0.398427
0.735 -0.374173
0.74 -0.349334
0.745 -0.323945
0.75 -0.298044
0.755 -0.271665
0.76 -0.244848
0.765 -0.217629
0.77 -0.190045
0.775 -0.162136
0.78 -0.133937
0.785 -0.105487
0.79 -0.0768237
0.795 -0.0479833
0.8 -0.0190026
0.805 0.0100824
0.81 0.0392365
0.815 0.068425
0.82 0.0976143
0.825 0.126772
0.83 0.155866
0.835 0.184868
0.84 0.213747
0.845 0.242476
0.85 0.27103
0.855 0.299384
0.86 0.327517
0.865 0.355407
0.87 0.383036
0.875 0.410388
0.88 0.437448
0.885 0.464203
0.89 0.490644
0.895 0.516763
0.9 0.542553
0.905 0.568013
0.91 0.59314
0.915 0.617936
0.92 0.642404
0.925 0.666551
0.93 0.690383
0.935 0.713912
0.94 0.737149
0.945 0.760108
0.95 0.782806
0.955 0.805259
0.96 0.827488
0.965 0.849514
0.97 0.871358
0.975 0.893044
0.98 0.914598
0.985 0.936043
0.99 0.957408
0.995 0.978718
1 1
