0 0
0.005 0.0283303
0.01 0.0566173
0.015 0.0848178
0.02 0.112889
0.025 0.140788
0.03 0.168471
0.035 0.195898
0.04 0.223026
0.045 0.249813
0.05 0.276218
0.055 0.302202
0.06 0.327725
0.065 0.352748
0.07 0.377231
0.075 0.401139
0.08 0.424435
0.085 0.447083
0.09 0.469048
0.095 0.490297
0.1 0.510797
0.105 0.530518
0.11 0.549429
0.115 0.567501
0.12 0.584707
0.125 0.60102
0.13 0.616415
0.135 0.63087
0.14 0.644361
0.145 0.656869
0.15 0.668374
0.155 0.678858
0.16 0.688306
0.165 0.696704
0.17 0.704038
0.175 0.710297
0.18 0.715471
0.185 0.719554
0.19 0.722538
0.195 0.724418
0.2 0.725193
0.205 0.724861
0.21 0.723423
0.215 0.720879
0.22 0.717236
0.225 0.712497
0.23 0.706671
0.235 0.699766
0.24 0.691792
0.245 0.682763
0.25 0.672691
0.255 0.661592
0.26 0.649483
0.265 0.636383
0.27 0.622311
0.275 0.607289
0.28 0.59134
0.285 0.574489
0.29 0.55676
0.295 0.538181
0.3 0.518781
0.305 0.498588
0.31 0.477635
0.315 0.455952
0.32 0.433574
0.325 0.410533
0.33 0.386866
0.335 0.362608
0.34 0.337796
0.345 0.312469
0.35 0.286665
0.355 0.260423
0.36 0.233784
0.365 0.206787
0.37 0.179475
0.375 0.151889
0.38 0.124071
0.385 0.0960642
0.39 0.0679103
0.395 0.0396527
0.4 0.0113345
0.405 -0.0170009
0.41 -0.0453104
0.415 -0.0735507
0.42 -0.101679
0.425 -0.129652
0.43 -0.157426
0.435 -0.184961
0.44 -0.212213
0.445 -0.239141
0.45 -0.265705
0.455 -0.291862
0.46 -0.317574
0.465 -0.342801
0.47 -0.367505
0.475 -0.391648
0.48 -0.415192
0.485 -0.438103
0.49 -0.460346
0.495 -0.481885
0.5 -0.502689
0.505 -0.522725
0.51 -0.541963
0.515 -0.560374
0.52 -0.57793
0.525 -0.594603
0.53 -0.610368
0.535 -0.625202
0.54 -0.639081
0.545 -0.651985
0.55 -0.663893
0.555 -0.674788
0.56 -0.684652
0.565 -0.693471
0.57 -0.701232
0.575 -0.707922
0.58 -0.713531
0.585 -0.718051
0.59 -0.721474
0.595 -0.723796
0.6 -0.725013
0.605 -0.725123
0.61 -0.724126
0.615 -0.722023
0.62 -0.718817
0.625 -0.714514
0.63 -0.70912
0.635 -0.702642
0.64 -0.695092
0.645 -0.686479
0.65 -0.676818
0.655 -0.666122
0.66 -0.654409
0.665 -0.641694
0.67 -0.627999
0.675 -0.613342
0.68 -0.597747
0.685 -0.581237
0.69 -0.563836
0.695 -0.54557
0.7 -0.526467
0.705 -0.506555
0.71 -0.485863
0.715 -0.464422
0.72 -0.442264
0.725 -0.419421
0.73 -0.395926
0.735 -0.371813
0.74 -0.347118
0.745 -0.321876
0.75 -0.296122
0.755 -0.269893
0.76 -0.243226
0.765 -0.216158
0.77 -0.188726
0.775 -0.160968
0.78 -0.13292
0.785 -0.104621
0.79 -0.0761056
0.795 -0.047412
0.8 -0.0185757
0.805 0.0103676
0.81 0.0393831
0.815 0.0684367
0.82 0.0974954
0.825 0.126527
0.83 0.1555
0.835 0.184386
0.84 0.213155
0.845 0.241781
0.85 0.270238
0.855 0.298503
0.86 0.326553
0.865 0.354369
0.87 0.381932
0.875 0.409225
0.88 0.436236
0.885 0.462951
0.89 0.48936
0.895 0.515456
0.9 0.541233
0.905 0.566688
0.91 0.59182
0.915 0.61663
0.92 0.641121
0.925 0.665299
0.93 0.689172
0.935 0.712749
0.94 0.736042
0.945 0.759065
0.95 0.781833
0.955 0.804364
0.96 0.826677
0.965 0.848791
0.97 0.870729
0.975 0.892514
0.98 0.914169
0.985 0.935719
0.99 0.95719
0.995 0.978609
1 1
