0 0
0.005 0.0281561
0.01 0.0562691
0.015 0.0842963
0.02 0.112195
0.025 0.139922
0.03 0.167436
0.035 0.194694
0.04 0.221654
0.045 0.248277
0.05 0.27452
0.055 0.300344
0.06 0.32571
0.065 0.350578
0.07 0.374912
0.075 0.398673
0.08 0.421825
0.085 0.444333
0.09 0.466163
0.095 0.487282
0.1 0.507656
0.105 0.527256
0.11 0.54605
0.115 0.564011
0.12 0.581111
0.125 0.597324
0.13 0.612625
0.135 0.62699
0.14 0.640399
0.145 0.65283
0.15 0.664264
0.155 0.674684
0.16 0.684074
0.165 0.69242
0.17 0.699709
0.175 0.705929
0.18 0.711072
0.185 0.715129
0.19 0.718095
0.195 0.719964
0.2 0.720734
0.205 0.720404
0.21 0.718974
0.215 0.716447
0.22 0.712826
0.225 0.708116
0.23 0.702326
0.235 0.695463
0.24 0.687538
0.245 0.678564
0.25 0.668555
0.255 0.657524
0.26 0.64549
0.265 0.63247
0.27 0.618485
0.275 0.603555
0.28 0.587704
0.285 0.570956
0.29 0.553336
0.295 0.534872
0.3 0.515591
0.305 0.495523
0.31 0.474698
0.315 0.453149
0.32 0.430908
0.325 0.408009
0.33 0.384487
0.335 0.360378
0.34 0.335719
0.345 0.310548
0.35 0.284902
0.355 0.258822
0.36 0.232346
0.365 0.205516
0.37 0.178372
0.375 0.150955
0.38 0.123309
0.385 0.0954735
0.39 0.0674927
0.395 0.0394088
0.4 0.0112648
0.405 -0.0168964
0.41 -0.0450318
0.415 -0.0730985
0.42 -0.101054
0.425 -0.128854
0.43 -0.156458
0.435 -0.183824
0.44 -0.210908
0.445 -0.237671
0.45 -0.264071
0.455 -0.290067
0.46 -0.315621
0.465 -0.340693
0.47 -0.365245
0.475 -0.389239
0.48 -0.412639
0.485 -0.43541
0.49 -0.457515
0.495 -0.478922
0.5 -0.499598
0.505 -0.519511
0.51 -0.538631
0.515 -0.556929
0.52 -0.574376
0.525 -0.590947
0.53 -0.606615
0.535 -0.621358
0.54 -0.635151
0.545 -0.647976
0.55 -0.659811
0.555 -0.670638
0.56 -0.680442
0.565 -0.689207
0.57 -0.69692
0.575 -0.703568
0.58 -0.709143
0.585 -0.713635
0.59 -0.717037
0.595 -0.719345
0.6 -0.720554
0.605 -0.720663
0.61 -0.719672
0.615 -0.717582
0.62 -0.714396
0.625 -0.710119
0.63 -0.704757
0.635 -0.698319
0.64 -0.690815
0.645 -0.682255
0.65 -0.672652
0.655 -0.662021
0.66 -0.650378
0.665 -0.637741
0.67 -0.624129
0.675 -0.609561
0.68 -0.59406
0.685 -0.577649
0.69 -0.560353
0.695 -0.542196
0.7 -0.523207
0.705 -0.503414
0.71 -0.482845
0.715 -0.461531
0.72 -0.439504
0.725 -0.416794
0.73 -0.393437
0.735 -0.369464
0.74 -0.344911
0.745 -0.319813
0.75 -0.294206
0.755 -0.268125
0.76 -0.241607
0.765 -0.214689
0.77 -0.187407
0.775 -0.159798
0.78 -0.1319
0.785 -0.103748
0.79 -0.0753801
0.795 -0.0468313
0.8 -0.0181377
0.805 0.0106657
0.81 0.0395445
0.815 0.0684651
0.82 0.0973949
0.825 0.126302
0.83 0.155156
0.835 0.183928
0.84 0.212589
0.845 0.241113
0.85 0.269475
0.855 0.297651
0.86 0.325621
0.865 0.353363
0.87 0.380861
0.875 0.408097
0.88 0.435059
0.885 0.461734
0.89 0.488112
0.895 0.514186
0.9 0.53995
0.905 0.565401
0.91 0.590537
0.915 0.61536
0.92 0.639874
0.925 0.664082
0.93 0.687994
0.935 0.711618
0.94 0.734965
0.945 0.75805
0.95 0.780887
0.955 0.803494
0.96 0.825887
0.965 0.848088
0.97 0.870118
0.975 0.891998
0.98 0.913752
0.985 0.935404
0.99 0.956979
0.995 0.978502
1 1
