0 0
0.005 0.0279829
0.01 0.0559231
0.015 0.083778
0.02 0.111505
0.025 0.139062
0.03 0.166406
0.035 0.193496
0.04 0.220291
0.045 0.24675
0.05 0.272832
0.055 0.298497
0.06 0.323707
0.065 0.348423
0.07 0.372606
0.075 0.396221
0.08 0.419231
0.085 0.441601
0.09 0.463297
0.095 0.484286
0.1 0.504535
0.105 0.524014
0.11 0.542693
0.115 0.560543
0.12 0.577538
0.125 0.593651
0.13 0.608858
0.135 0.623135
0.14 0.636461
0.145 0.648816
0.15 0.660179
0.155 0.670535
0.16 0.679868
0.165 0.688162
0.17 0.695406
0.175 0.701588
0.18 0.7067
0.185 0.710732
0.19 0.713679
0.195 0.715537
0.2 0.716303
0.205 0.715974
0.21 0.714553
0.215 0.712041
0.22 0.708442
0.225 0.703762
0.23 0.698007
0.235 0.691187
0.24 0.683311
0.245 0.674392
0.25 0.664444
0.255 0.653481
0.26 0.641521
0.265 0.628581
0.27 0.614682
0.275 0.599844
0.28 0.58409
0.285 0.567445
0.29 0.549934
0.295 0.531583
0.3 0.51242
0.305 0.492476
0.31 0.471779
0.315 0.450362
0.32 0.428258
0.325 0.4055
0.33 0.382123
0.335 0.358162
0.34 0.333655
0.345 0.308638
0.35 0.28315
0.355 0.25723
0.36 0.230917
0.365 0.204252
0.37 0.177275
0.375 0.150027
0.38 0.12255
0.385 0.0948864
0.39 0.0670777
0.395 0.0391665
0.4 0.0111956
0.405 -0.0167925
0.41 -0.0447549
0.415 -0.072649
0.42 -0.100432
0.425 -0.128062
0.43 -0.155496
0.435 -0.182693
0.44 -0.209611
0.445 -0.236209
0.45 -0.262447
0.455 -0.288284
0.46 -0.31368
0.465 -0.338598
0.47 -0.362999
0.475 -0.386846
0.48 -0.410102
0.485 -0.432732
0.49 -0.454702
0.495 -0.475977
0.5 -0.496526
0.505 -0.516316
0.51 -0.535319
0.515 -0.553504
0.52 -0.570844
0.525 -0.587313
0.53 -0.602885
0.535 -0.617537
0.54 -0.631246
0.545 -0.643991
0.55 -0.655753
0.555 -0.666514
0.56 -0.676258
0.565 -0.684969
0.57 -0.692634
0.575 -0.699242
0.58 -0.704782
0.585 -0.709246
0.59 -0.712628
0.595 -0.714921
0.6 -0.716123
0.605 -0.716231
0.61 -0.715246
0.615 -0.713168
0.62 -0.710002
0.625 -0.705751
0.63 -0.700422
0.635 -0.694023
0.64 -0.686563
0.645 -0.678055
0.65 -0.668511
0.655 -0.657945
0.66 -0.646373
0.665 -0.633812
0.67 -0.620281
0.675 -0.605802
0.68 -0.590394
0.685 -0.574082
0.69 -0.556889
0.695 -0.538841
0.7 -0.519966
0.705 -0.50029
0.71 -0.479843
0.715 -0.458655
0.72 -0.436757
0.725 -0.41418
0.73 -0.390959
0.735 -0.367125
0.74 -0.342713
0.745 -0.317758
0.75 -0.292296
0.755 -0.266361
0.76 -0.239991
0.765 -0.21322
0.77 -0.186087
0.775 -0.158626
0.78 -0.130875
0.785 -0.10287
0.79 -0.0746469
0.795 -0.0462414
0.8 -0.0176886
0.805 0.0109768
0.81 0.0397207
0.815 0.0685101
0.82 0.0973127
0.825 0.126097
0.83 0.154834
0.835 0.183493
0.84 0.212047
0.845 0.240471
0.85 0.268739
0.855 0.296829
0.86 0.324719
0.865 0.352389
0.87 0.379823
0.875 0.407003
0.88 0.433917
0.885 0.460553
0.89 0.4869
0.895 0.512952
0.9 0.538702
0.905 0.564148
0.91 0.589289
0.915 0.614125
0.92 0.63866
0.925 0.662898
0.93 0.686847
0.935 0.710517
0.94 0.733918
0.945 0.757063
0.95 0.779967
0.955 0.802646
0.96 0.825119
0.965 0.847404
0.97 0.869522
0.975 0.891495
0.98 0.913346
0.985 0.935097
0.99 0.956773
0.995 0.978399
1 1
