0 0
0.005 0.0278109
0.01 0.0555793
0.015 0.0832628
0.02 0.110819
0.025 0.138207
0.03 0.165383
0.035 0.192307
0.04 0.218937
0.045 0.245233
0.05 0.271154
0.055 0.296662
0.06 0.321717
0.065 0.34628
0.07 0.370315
0.075 0.393785
0.08 0.416653
0.085 0.438886
0.09 0.460448
0.095 0.481308
0.1 0.501432
0.105 0.520792
0.11 0.539356
0.115 0.557096
0.12 0.573987
0.125 0.590001
0.13 0.605114
0.135 0.619304
0.14 0.632548
0.145 0.644826
0.15 0.65612
0.155 0.666412
0.16 0.675687
0.165 0.683931
0.17 0.69113
0.175 0.697274
0.18 0.702354
0.185 0.706362
0.19 0.709291
0.195 0.711137
0.2 0.711898
0.205 0.711572
0.21 0.71016
0.215 0.707663
0.22 0.704086
0.225 0.699435
0.23 0.693715
0.235 0.686936
0.24 0.679109
0.245 0.670245
0.25 0.660358
0.255 0.649463
0.26 0.637576
0.265 0.624716
0.27 0.610902
0.275 0.596155
0.28 0.580499
0.285 0.563956
0.29 0.546552
0.295 0.528314
0.3 0.50927
0.305 0.489448
0.31 0.468878
0.315 0.447593
0.32 0.425625
0.325 0.403007
0.33 0.379773
0.335 0.35596
0.34 0.331603
0.345 0.30674
0.35 0.281409
0.355 0.255649
0.36 0.229498
0.365 0.202996
0.37 0.176185
0.375 0.149105
0.38 0.121797
0.385 0.094303
0.39 0.0666652
0.395 0.0389257
0.4 0.0111267
0.405 -0.0166892
0.41 -0.0444797
0.415 -0.0722023
0.42 -0.0998146
0.425 -0.127275
0.43 -0.15454
0.435 -0.18157
0.44 -0.208323
0.445 -0.234757
0.45 -0.260833
0.455 -0.286511
0.46 -0.311752
0.465 -0.336516
0.47 -0.360767
0.475 -0.384467
0.48 -0.40758
0.485 -0.430071
0.49 -0.451906
0.495 -0.47305
0.5 -0.493473
0.505 -0.513142
0.51 -0.532027
0.515 -0.550101
0.52 -0.567334
0.525 -0.583702
0.53 -0.599178
0.535 -0.61374
0.54 -0.627364
0.545 -0.640031
0.55 -0.651721
0.555 -0.662416
0.56 -0.672099
0.565 -0.680757
0.57 -0.688375
0.575 -0.694942
0.58 -0.700448
0.585 -0.704885
0.59 -0.708245
0.595 -0.710524
0.6 -0.711719
0.605 -0.711826
0.61 -0.710847
0.615 -0.708781
0.62 -0.705634
0.625 -0.701409
0.63 -0.696112
0.635 -0.689752
0.64 -0.682338
0.645 -0.673881
0.65 -0.664395
0.655 -0.653893
0.66 -0.64239
0.665 -0.629906
0.67 -0.616457
0.675 -0.602064
0.68 -0.586749
0.685 -0.570535
0.69 -0.553445
0.695 -0.535505
0.7 -0.516742
0.705 -0.497183
0.71 -0.476857
0.715 -0.455793
0.72 -0.434023
0.725 -0.411579
0.73 -0.388492
0.735 -0.364795
0.74 -0.340523
0.745 -0.31571
0.75 -0.290391
0.755 -0.264602
0.76 -0.238377
0.765 -0.211753
0.77 -0.184766
0.775 -0.157452
0.78 -0.129846
0.785 -0.101986
0.79 -0.0739062
0.795 -0.045642
0.8 -0.0172283
0.805 0.0113007
0.81 0.0399116
0.815 0.0685715
0.82 0.0972487
0.825 0.125912
0.83 0.154533
0.835 0.183081
0.84 0.211531
0.845 0.239856
0.85 0.268032
0.855 0.296036
0.86 0.323847
0.865 0.351447
0.87 0.378817
0.875 0.405942
0.88 0.432809
0.885 0.459406
0.89 0.485723
0.895 0.511752
0.9 0.53749
0.905 0.562931
0.91 0.588076
0.915 0.612924
0.92 0.637479
0.925 0.661746
0.93 0.685732
0.935 0.709446
0.94 0.732899
0.945 0.756102
0.95 0.779072
0.955 0.801822
0.96 0.824372
0.965 0.846739
0.97 0.868943
0.975 0.891007
0.98 0.912951
0.985 0.934798
0.99 0.956573
0.995 0.978299
1 1
