0 0
0.005 0.0276398
0.01 0.0552375
0.015 0.0827508
0.02 0.110138
0.025 0.137357
0.03 0.164366
0.035 0.191124
0.04 0.217591
0.045 0.243725
0.05 0.269487
0.055 0.294838
0.06 0.319739
0.065 0.344151
0.07 0.368038
0.075 0.391364
0.08 0.414092
0.085 0.436187
0.09 0.457617
0.095 0.478348
0.1 0.498349
0.105 0.517589
0.11 0.536039
0.115 0.553671
0.12 0.570457
0.125 0.586373
0.13 0.601393
0.135 0.615495
0.14 0.628658
0.145 0.640861
0.15 0.652086
0.155 0.662315
0.16 0.671533
0.165 0.679725
0.17 0.68688
0.175 0.692987
0.18 0.698035
0.185 0.702018
0.19 0.70493
0.195 0.706765
0.2 0.707521
0.205 0.707197
0.21 0.705793
0.215 0.703312
0.22 0.699757
0.225 0.695134
0.23 0.689449
0.235 0.682713
0.24 0.674933
0.245 0.666124
0.25 0.656298
0.255 0.645469
0.26 0.633656
0.265 0.620874
0.27 0.607146
0.275 0.59249
0.28 0.576929
0.285 0.560488
0.29 0.543192
0.295 0.525066
0.3 0.506138
0.305 0.486438
0.31 0.465995
0.315 0.444841
0.32 0.423008
0.325 0.400528
0.33 0.377438
0.335 0.353771
0.34 0.329564
0.345 0.304854
0.35 0.279679
0.355 0.254077
0.36 0.228086
0.365 0.201748
0.37 0.175102
0.375 0.148188
0.38 0.121048
0.385 0.0937231
0.39 0.0662553
0.395 0.0386863
0.4 0.0110583
0.405 -0.0165866
0.41 -0.0442062
0.415 -0.0717583
0.42 -0.0992009
0.425 -0.126492
0.43 -0.15359
0.435 -0.180454
0.44 -0.207042
0.445 -0.233314
0.45 -0.259229
0.455 -0.284749
0.46 -0.309835
0.465 -0.334447
0.47 -0.358549
0.475 -0.382103
0.48 -0.405074
0.485 -0.427427
0.49 -0.449127
0.495 -0.470142
0.5 -0.490438
0.505 -0.509986
0.51 -0.528756
0.515 -0.546718
0.52 -0.563846
0.525 -0.580113
0.53 -0.595494
0.535 -0.609966
0.54 -0.623507
0.545 -0.636096
0.55 -0.647714
0.555 -0.658343
0.56 -0.667966
0.565 -0.676571
0.57 -0.684142
0.575 -0.690669
0.58 -0.696141
0.585 -0.70055
0.59 -0.70389
0.595 -0.706155
0.6 -0.707341
0.605 -0.707448
0.61 -0.706474
0.615 -0.704421
0.62 -0.701293
0.625 -0.697093
0.63 -0.691829
0.635 -0.685507
0.64 -0.678138
0.645 -0.669733
0.65 -0.660304
0.655 -0.649865
0.66 -0.638432
0.665 -0.626023
0.67 -0.612655
0.675 -0.598349
0.68 -0.583126
0.685 -0.567008
0.69 -0.55002
0.695 -0.532187
0.7 -0.513535
0.705 -0.494092
0.71 -0.473886
0.715 -0.452946
0.72 -0.431303
0.725 -0.408989
0.73 -0.386035
0.735 -0.362475
0.74 -0.338341
0.745 -0.313669
0.75 -0.288492
0.755 -0.262846
0.76 -0.236765
0.765 -0.210286
0.77 -0.183444
0.775 -0.156275
0.78 -0.128813
0.785 -0.101096
0.79 -0.0731578
0.795 -0.0450333
0.8 -0.0167568
0.805 0.0116377
0.81 0.0401172
0.815 0.0686494
0.82 0.0972029
0.825 0.125747
0.83 0.154253
0.835 0.182693
0.84 0.211039
0.845 0.239267
0.85 0.267352
0.855 0.295272
0.86 0.323006
0.865 0.350535
0.87 0.377843
0.875 0.404914
0.88 0.431734
0.885 0.458292
0.89 0.484579
0.895 0.510587
0.9 0.536311
0.905 0.561748
0.91 0.586896
0.915 0.611756
0.92 0.636331
0.925 0.660626
0.93 0.684648
0.935 0.708405
0.94 0.731907
0.945 0.755168
0.95 0.7782
0.955 0.80102
0.96 0.823645
0.965 0.846091
0.97 0.86838
0.975 0.890531
0.98 0.912566
0.985 0.934508
0.99 0.956378
0.995 0.978201
1 1
