0 0
0.005 0.0274699
0.01 0.0548979
0.015 0.082242
0.02 0.109461
0.025 0.136512
0.03 0.163355
0.035 0.189949
0.04 0.216253
0.045 0.242226
0.05 0.26783
0.055 0.293025
0.06 0.317773
0.065 0.342035
0.07 0.365775
0.075 0.388957
0.08 0.411545
0.085 0.433505
0.09 0.454803
0.095 0.475407
0.1 0.495285
0.105 0.514407
0.11 0.532743
0.115 0.550266
0.12 0.56695
0.125 0.582767
0.13 0.597695
0.135 0.611711
0.14 0.624793
0.145 0.63692
0.15 0.648076
0.155 0.658242
0.16 0.667403
0.165 0.675546
0.17 0.682657
0.175 0.688726
0.18 0.693743
0.185 0.697702
0.19 0.700595
0.195 0.702419
0.2 0.70317
0.205 0.702848
0.21 0.701453
0.215 0.698987
0.22 0.695454
0.225 0.690859
0.23 0.68521
0.235 0.678515
0.24 0.670783
0.245 0.662028
0.25 0.652262
0.255 0.6415
0.26 0.629759
0.265 0.617057
0.27 0.603412
0.275 0.588847
0.28 0.573382
0.285 0.557042
0.29 0.539852
0.295 0.521837
0.3 0.503026
0.305 0.483447
0.31 0.46313
0.315 0.442106
0.32 0.420407
0.325 0.398066
0.33 0.375117
0.335 0.351596
0.34 0.327538
0.345 0.30298
0.35 0.277959
0.355 0.252514
0.36 0.226684
0.365 0.200507
0.37 0.174025
0.375 0.147277
0.38 0.120304
0.385 0.0931468
0.39 0.0658479
0.395 0.0384485
0.4 0.0109903
0.405 -0.0164846
0.41 -0.0439344
0.415 -0.0713171
0.42 -0.0985909
0.425 -0.125714
0.43 -0.152646
0.435 -0.179344
0.44 -0.205768
0.445 -0.231879
0.45 -0.257635
0.455 -0.282998
0.46 -0.30793
0.465 -0.332391
0.47 -0.356344
0.475 -0.379754
0.48 -0.402583
0.485 -0.424799
0.49 -0.446365
0.495 -0.467251
0.5 -0.487423
0.505 -0.50685
0.51 -0.525505
0.515 -0.543356
0.52 -0.560379
0.525 -0.576545
0.53 -0.591832
0.535 -0.606215
0.54 -0.619673
0.545 -0.632184
0.55 -0.643731
0.555 -0.654294
0.56 -0.663859
0.565 -0.67241
0.57 -0.679935
0.575 -0.686421
0.58 -0.69186
0.585 -0.696242
0.59 -0.699561
0.595 -0.701812
0.6 -0.702991
0.605 -0.703096
0.61 -0.702128
0.615 -0.700088
0.62 -0.696978
0.625 -0.692804
0.63 -0.687571
0.635 -0.681288
0.64 -0.673964
0.645 -0.665609
0.65 -0.656237
0.655 -0.645861
0.66 -0.634497
0.665 -0.622162
0.67 -0.608875
0.675 -0.594655
0.68 -0.579523
0.685 -0.563502
0.69 -0.546615
0.695 -0.528888
0.7 -0.510346
0.705 -0.491018
0.71 -0.47093
0.715 -0.450113
0.72 -0.428596
0.725 -0.406411
0.73 -0.38359
0.735 -0.360164
0.74 -0.336168
0.745 -0.311634
0.75 -0.286598
0.755 -0.261094
0.76 -0.235156
0.765 -0.20882
0.77 -0.182121
0.775 -0.155095
0.78 -0.127776
0.785 -0.1002
0.79 -0.0724017
0.795 -0.0444151
0.8 -0.0162742
0.805 0.0119875
0.81 0.0403373
0.815 0.0687435
0.82 0.097175
0.825 0.125602
0.83 0.153995
0.835 0.182327
0.84 0.210571
0.845 0.238703
0.85 0.266698
0.855 0.294535
0.86 0.322193
0.865 0.349654
0.87 0.376901
0.875 0.403918
0.88 0.430692
0.885 0.457212
0.89 0.483469
0.895 0.509456
0.9 0.535167
0.905 0.560598
0.91 0.585749
0.915 0.610621
0.92 0.635215
0.925 0.659537
0.93 0.683593
0.935 0.707391
0.94 0.730943
0.945 0.754259
0.95 0.777353
0.955 0.80024
0.96 0.822937
0.965 0.845462
0.97 0.867832
0.975 0.890069
0.98 0.912193
0.985 0.934225
0.99 0.956189
0.995 0.978106
1 1
