0 0
0.005 0.027301
0.01 0.0545603
0.015 0.0817363
0.02 0.108788
0.025 0.135673
0.03 0.162351
0.035 0.188781
0.04 0.214923
0.045 0.240737
0.05 0.266183
0.055 0.291223
0.06 0.315819
0.065 0.339932
0.07 0.363526
0.075 0.386566
0.08 0.409015
0.085 0.43084
0.09 0.452007
0.095 0.472484
0.1 0.492239
0.105 0.511244
0.11 0.529467
0.115 0.546883
0.12 0.563464
0.125 0.579184
0.13 0.59402
0.135 0.607949
0.14 0.620951
0.145 0.633004
0.15 0.644091
0.155 0.654195
0.16 0.6633
0.165 0.671392
0.17 0.678459
0.175 0.684491
0.18 0.689477
0.185 0.693412
0.19 0.696287
0.195 0.6981
0.2 0.698846
0.205 0.698526
0.21 0.69714
0.215 0.694689
0.22 0.691178
0.225 0.686611
0.23 0.680997
0.235 0.674342
0.24 0.666659
0.245 0.657957
0.25 0.648251
0.255 0.637556
0.26 0.625887
0.265 0.613263
0.27 0.599702
0.275 0.585226
0.28 0.569856
0.285 0.553617
0.29 0.536532
0.295 0.518628
0.3 0.499933
0.305 0.480474
0.31 0.460282
0.315 0.439387
0.32 0.417821
0.325 0.395618
0.33 0.37281
0.335 0.349434
0.34 0.325524
0.345 0.301117
0.35 0.27625
0.355 0.250962
0.36 0.22529
0.365 0.199275
0.37 0.172955
0.375 0.146371
0.38 0.119564
0.385 0.0925741
0.39 0.065443
0.395 0.038212
0.4 0.0109227
0.405 -0.0163833
0.41 -0.0436642
0.415 -0.0708785
0.42 -0.0979847
0.425 -0.124941
0.43 -0.151707
0.435 -0.178241
0.44 -0.204503
0.445 -0.230453
0.45 -0.256051
0.455 -0.281258
0.46 -0.306036
0.465 -0.330347
0.47 -0.354153
0.475 -0.377419
0.48 -0.400108
0.485 -0.422187
0.49 -0.443621
0.495 -0.464378
0.5 -0.484425
0.505 -0.503734
0.51 -0.522273
0.515 -0.540015
0.52 -0.556933
0.525 -0.573
0.53 -0.588193
0.535 -0.602487
0.54 -0.615862
0.545 -0.628297
0.55 -0.639772
0.555 -0.650271
0.56 -0.659777
0.565 -0.668275
0.57 -0.675753
0.575 -0.6822
0.58 -0.687605
0.585 -0.69196
0.59 -0.695258
0.595 -0.697495
0.6 -0.698667
0.605 -0.698772
0.61 -0.697809
0.615 -0.695781
0.62 -0.69269
0.625 -0.688541
0.63 -0.68334
0.635 -0.677094
0.64 -0.669814
0.645 -0.66151
0.65 -0.652194
0.655 -0.641881
0.66 -0.630586
0.665 -0.618325
0.67 -0.605117
0.675 -0.590982
0.68 -0.57594
0.685 -0.560015
0.69 -0.543229
0.695 -0.525607
0.7 -0.507175
0.705 -0.48796
0.71 -0.46799
0.715 -0.447294
0.72 -0.425902
0.725 -0.403845
0.73 -0.381155
0.735 -0.357863
0.74 -0.334002
0.745 -0.309606
0.75 -0.284709
0.755 -0.259345
0.76 -0.233548
0.765 -0.207354
0.77 -0.180797
0.775 -0.153912
0.78 -0.126734
0.785 -0.0992981
0.79 -0.0716378
0.795 -0.0437874
0.8 -0.0157804
0.805 0.0123501
0.81 0.040572
0.815 0.0688538
0.82 0.097165
0.825 0.125476
0.83 0.153758
0.835 0.181984
0.84 0.210128
0.845 0.238165
0.85 0.266072
0.855 0.293827
0.86 0.32141
0.865 0.348803
0.87 0.375989
0.875 0.402953
0.88 0.429682
0.885 0.456165
0.89 0.482392
0.895 0.508358
0.9 0.534055
0.905 0.559481
0.91 0.584635
0.915 0.609517
0.92 0.63413
0.925 0.658478
0.93 0.682567
0.935 0.706406
0.94 0.730005
0.945 0.753375
0.95 0.776529
0.955 0.799482
0.96 0.822249
0.965 0.844849
0.97 0.867299
0.975 0.889619
0.98 0.911829
0.985 0.93395
0.99 0.956004
0.995 0.978013
1 1
