0 0
0.005 0.0378572
0.01 0.0756567
0.015 0.113341
0.02 0.150851
0.025 0.188132
0.03 0.225126
0.035 0.261775
0.04 0.298025
0.045 0.33382
0.05 0.369106
0.055 0.403828
0.06 0.437933
0.065 0.47137
0.07 0.504088
0.075 0.536036
0.08 0.567165
0.085 0.597429
0.09 0.62678
0.095 0.655175
0.1 0.682569
0.105 0.708922
0.11 0.734192
0.115 0.758342
0.12 0.781333
0.125 0.803132
0.13 0.823705
0.135 0.84302
0.14 0.861049
0.145 0.877762
0.15 0.893136
0.155 0.907147
0.16 0.919772
0.165 0.930993
0.17 0.940793
0.175 0.949157
0.18 0.956072
0.185 0.961527
0.19 0.965515
0.195 0.968028
0.2 0.969063
0.205 0.96862
0.21 0.966697
0.215 0.963299
0.22 0.95843
0.225 0.952098
0.23 0.944312
0.235 0.935085
0.24 0.92443
0.245 0.912364
0.25 0.898905
0.255 0.884074
0.26 0.867893
0.265 0.850388
0.27 0.831584
0.275 0.81151
0.28 0.790198
0.285 0.767679
0.29 0.743989
0.295 0.719162
0.3 0.693238
0.305 0.666255
0.31 0.638255
0.315 0.609281
0.32 0.579377
0.325 0.548588
0.33 0.516962
0.335 0.484547
0.34 0.451391
0.345 0.417547
0.35 0.383065
0.355 0.347999
0.36 0.312401
0.365 0.276326
0.37 0.23983
0.375 0.202967
0.38 0.165795
0.385 0.128369
0.39 0.0907473
0.395 0.0529872
0.4 0.0151461
0.405 -0.022718
0.41 -0.0605475
0.415 -0.0982846
0.42 -0.135872
0.425 -0.173251
0.43 -0.210366
0.435 -0.24716
0.44 -0.283577
0.445 -0.31956
0.45 -0.355056
0.455 -0.39001
0.46 -0.424369
0.465 -0.458079
0.47 -0.49109
0.475 -0.523352
0.48 -0.554815
0.485 -0.58543
0.49 -0.615152
0.495 -0.643935
0.5 -0.671734
0.505 -0.698509
0.51 -0.724216
0.515 -0.748819
0.52 -0.772278
0.525 -0.794558
0.53 -0.815625
0.535 -0.835447
0.54 -0.853993
0.545 -0.871236
0.55 -0.887149
0.555 -0.901707
0.56 -0.914889
0.565 -0.926674
0.57 -0.937045
0.575 -0.945985
0.58 -0.953481
0.585 -0.959521
0.59 -0.964096
0.595 -0.9672
0.6 -0.968827
0.605 -0.968975
0.61 -0.967643
0.615 -0.964835
0.62 -0.960553
0.625 -0.954805
0.63 -0.9476
0.635 -0.938948
0.64 -0.928862
0.645 -0.917359
0.65 -0.904455
0.655 -0.89017
0.66 -0.874526
0.665 -0.857547
0.67 -0.839259
0.675 -0.81969
0.68 -0.798869
0.685 -0.776829
0.69 -0.753603
0.695 -0.729227
0.7 -0.703737
0.705 -0.677173
0.71 -0.649575
0.715 -0.620985
0.72 -0.591447
0.725 -0.561007
0.73 -0.52971
0.735 -0.497604
0.74 -0.464739
0.745 -0.431164
0.75 -0.396931
0.755 -0.362092
0.76 -0.3267
0.765 -0.29081
0.77 -0.254475
0.775 -0.217753
0.78 -0.180697
0.785 -0.143366
0.79 -0.105816
0.795 -0.0681042
0.8 -0.0302886
0.805 0.0075733
0.81 0.0454236
0.815 0.0832045
0.82 0.120858
0.825 0.158328
0.83 0.195556
0.835 0.232485
0.84 0.269059
0.845 0.305222
0.85 0.34092
0.855 0.376097
0.86 0.4107
0.865 0.444676
0.87 0.477973
0.875 0.510541
0.88 0.542329
0.885 0.57329
0.89 0.603377
0.895 0.632543
0.9 0.660746
0.905 0.687943
0.91 0.714096
0.915 0.739167
0.92 0.763124
0.925 0.785937
0.93 0.807583
0.935 0.828044
0.94 0.847311
0.945 0.865384
0.95 0.882274
0.955 0.898007
0.96 0.912622
0.965 0.926177
0.97 0.938748
0.975 0.950428
0.98 0.96133
0.985 0.971587
0.99 0.981343
0.995 0.990758
1 1
