0 0
0.005 0.0271331
0.01 0.0542248
0.015 0.0812337
0.02 0.108119
0.025 0.134838
0.03 0.161352
0.035 0.18762
0.04 0.213601
0.045 0.239256
0.05 0.264546
0.055 0.289432
0.06 0.313877
0.065 0.337842
0.07 0.361291
0.075 0.384189
0.08 0.4065
0.085 0.42819
0.09 0.449227
0.095 0.469578
0.1 0.489213
0.105 0.5081
0.11 0.526212
0.115 0.54352
0.12 0.559999
0.125 0.575623
0.13 0.590368
0.135 0.604211
0.14 0.617133
0.145 0.629112
0.15 0.64013
0.155 0.650172
0.16 0.659221
0.165 0.667264
0.17 0.674287
0.175 0.680282
0.18 0.685238
0.185 0.689148
0.19 0.692006
0.195 0.693807
0.2 0.694549
0.205 0.694231
0.21 0.692853
0.215 0.690417
0.22 0.686928
0.225 0.682389
0.23 0.676809
0.235 0.670196
0.24 0.662559
0.245 0.653912
0.25 0.644265
0.255 0.633635
0.26 0.622038
0.265 0.609492
0.27 0.596014
0.275 0.581627
0.28 0.566352
0.285 0.550213
0.29 0.533233
0.295 0.515439
0.3 0.496859
0.305 0.47752
0.31 0.457452
0.315 0.436685
0.32 0.415252
0.325 0.393185
0.33 0.370518
0.335 0.347285
0.34 0.323522
0.345 0.299265
0.35 0.274551
0.355 0.249418
0.36 0.223905
0.365 0.198049
0.37 0.171891
0.375 0.145471
0.38 0.118829
0.385 0.0920049
0.39 0.0650406
0.395 0.0379771
0.4 0.0108556
0.405 -0.0162825
0.41 -0.0433957
0.415 -0.0704427
0.42 -0.0973822
0.425 -0.124173
0.43 -0.150774
0.435 -0.177145
0.44 -0.203246
0.445 -0.229036
0.45 -0.254477
0.455 -0.279529
0.46 -0.304154
0.465 -0.328315
0.47 -0.351975
0.475 -0.375098
0.48 -0.397648
0.485 -0.419591
0.49 -0.440893
0.495 -0.461522
0.5 -0.481447
0.505 -0.500636
0.51 -0.519062
0.515 -0.536695
0.52 -0.553508
0.525 -0.569477
0.53 -0.584576
0.535 -0.598783
0.54 -0.612075
0.545 -0.624433
0.55 -0.635838
0.555 -0.646272
0.56 -0.655719
0.565 -0.664166
0.57 -0.671598
0.575 -0.678005
0.58 -0.683376
0.585 -0.687704
0.59 -0.690982
0.595 -0.693205
0.6 -0.694369
0.605 -0.694473
0.61 -0.693516
0.615 -0.6915
0.62 -0.688428
0.625 -0.684303
0.63 -0.679134
0.635 -0.672926
0.64 -0.66569
0.645 -0.657435
0.65 -0.648176
0.655 -0.637925
0.66 -0.626697
0.665 -0.61451
0.67 -0.601381
0.675 -0.587331
0.68 -0.572379
0.685 -0.556548
0.69 -0.539861
0.695 -0.522343
0.7 -0.50402
0.705 -0.484918
0.71 -0.465064
0.715 -0.444489
0.72 -0.423221
0.725 -0.401291
0.73 -0.37873
0.735 -0.35557
0.74 -0.331844
0.745 -0.307584
0.75 -0.282825
0.755 -0.257599
0.76 -0.231943
0.765 -0.205889
0.77 -0.179472
0.775 -0.152727
0.78 -0.125688
0.785 -0.0983899
0.79 -0.0708661
0.795 -0.0431502
0.8 -0.0152755
0.805 0.0127256
0.81 0.0408212
0.815 0.0689803
0.82 0.0971726
0.825 0.125369
0.83 0.153542
0.835 0.181663
0.84 0.209708
0.845 0.237652
0.85 0.265471
0.855 0.293146
0.86 0.320655
0.865 0.347981
0.87 0.375107
0.875 0.402019
0.88 0.428703
0.885 0.455149
0.89 0.481348
0.895 0.507291
0.9 0.532975
0.905 0.558396
0.91 0.583552
0.915 0.608444
0.92 0.633075
0.925 0.657448
0.93 0.68157
0.935 0.705448
0.94 0.729093
0.945 0.752515
0.95 0.775727
0.955 0.798743
0.96 0.82158
0.965 0.844253
0.97 0.86678
0.975 0.889181
0.98 0.911475
0.985 0.933683
0.99 0.955825
0.995 0.977923
1 1
