0 0
0.005 0.0269663
0.01 0.0538914
0.015 0.0807342
0.02 0.107454
0.025 0.134009
0.03 0.16036
0.035 0.186466
0.04 0.212288
0.045 0.237785
0.05 0.26292
0.055 0.287653
0.06 0.311947
0.065 0.335764
0.07 0.359069
0.075 0.381826
0.08 0.404
0.085 0.425557
0.09 0.446465
0.095 0.466691
0.1 0.486205
0.105 0.504976
0.11 0.522976
0.115 0.540178
0.12 0.556555
0.125 0.572083
0.13 0.586737
0.135 0.600496
0.14 0.613338
0.145 0.625243
0.15 0.636194
0.155 0.646174
0.16 0.655167
0.165 0.663161
0.17 0.670141
0.175 0.676099
0.18 0.681024
0.185 0.68491
0.19 0.687751
0.195 0.689541
0.2 0.690279
0.205 0.689962
0.21 0.688593
0.215 0.686172
0.22 0.682704
0.225 0.678193
0.23 0.672648
0.235 0.666075
0.24 0.658485
0.245 0.649891
0.25 0.640304
0.255 0.629739
0.26 0.618213
0.265 0.605744
0.27 0.59235
0.275 0.578051
0.28 0.56287
0.285 0.546829
0.29 0.529954
0.295 0.51227
0.3 0.493804
0.305 0.474584
0.31 0.454639
0.315 0.434
0.32 0.412699
0.325 0.390768
0.33 0.36824
0.335 0.34515
0.34 0.321533
0.345 0.297425
0.35 0.272863
0.355 0.247885
0.36 0.222528
0.365 0.196831
0.37 0.170834
0.375 0.144577
0.38 0.118098
0.385 0.0914391
0.39 0.0646407
0.395 0.0377436
0.4 0.0107888
0.405 -0.0161824
0.41 -0.0431289
0.415 -0.0700096
0.42 -0.0967834
0.425 -0.123409
0.43 -0.149847
0.435 -0.176056
0.44 -0.201996
0.445 -0.227628
0.45 -0.252912
0.455 -0.27781
0.46 -0.302284
0.465 -0.326297
0.47 -0.349811
0.475 -0.372791
0.48 -0.395203
0.485 -0.417011
0.49 -0.438182
0.495 -0.458684
0.5 -0.478486
0.505 -0.497558
0.51 -0.51587
0.515 -0.533394
0.52 -0.550105
0.525 -0.565975
0.53 -0.580981
0.535 -0.595101
0.54 -0.608311
0.545 -0.620593
0.55 -0.631928
0.555 -0.642298
0.56 -0.651687
0.565 -0.660081
0.57 -0.667468
0.575 -0.673835
0.58 -0.679173
0.585 -0.683475
0.59 -0.686732
0.595 -0.688941
0.6 -0.690098
0.605 -0.690201
0.61 -0.68925
0.615 -0.687245
0.62 -0.684191
0.625 -0.680092
0.63 -0.674953
0.635 -0.668783
0.64 -0.66159
0.645 -0.653385
0.65 -0.644181
0.655 -0.633992
0.66 -0.622831
0.665 -0.610717
0.67 -0.597667
0.675 -0.5837
0.68 -0.568837
0.685 -0.5531
0.69 -0.536512
0.695 -0.519098
0.7 -0.500882
0.705 -0.481891
0.71 -0.462154
0.715 -0.441698
0.72 -0.420552
0.725 -0.398748
0.73 -0.376315
0.735 -0.353286
0.74 -0.329693
0.745 -0.305568
0.75 -0.280945
0.755 -0.255857
0.76 -0.230339
0.765 -0.204423
0.77 -0.178145
0.775 -0.151538
0.78 -0.124637
0.785 -0.0974755
0.79 -0.0700865
0.795 -0.0425036
0.8 -0.0147595
0.805 0.0131138
0.81 0.0410847
0.815 0.0691227
0.82 0.0971979
0.825 0.125281
0.83 0.153346
0.835 0.181364
0.84 0.209311
0.845 0.237163
0.85 0.264897
0.855 0.292492
0.86 0.319928
0.865 0.347188
0.87 0.374255
0.875 0.401115
0.88 0.427755
0.885 0.454165
0.89 0.480334
0.895 0.506257
0.9 0.531928
0.905 0.557343
0.91 0.582501
0.915 0.607402
0.92 0.63205
0.925 0.656447
0.93 0.6806
0.935 0.704517
0.94 0.728206
0.945 0.751678
0.95 0.774947
0.955 0.798025
0.96 0.820929
0.965 0.843673
0.97 0.866276
0.975 0.888755
0.98 0.911131
0.985 0.933422
0.99 0.95565
0.995 0.977836
1 1
