0 0
0.005 0.0268005
0.01 0.05356
0.015 0.0802378
0.02 0.106793
0.025 0.133185
0.03 0.159374
0.035 0.18532
0.04 0.210983
0.045 0.236323
0.05 0.261303
0.055 0.285884
0.06 0.310028
0.065 0.3337
0.07 0.356861
0.075 0.379478
0.08 0.401516
0.085 0.422941
0.09 0.44372
0.095 0.463821
0.1 0.483215
0.105 0.501871
0.11 0.51976
0.115 0.536857
0.12 0.553133
0.125 0.568565
0.13 0.58313
0.135 0.596804
0.14 0.609566
0.145 0.621399
0.15 0.632282
0.155 0.642201
0.16 0.651139
0.165 0.659083
0.17 0.666021
0.175 0.671942
0.18 0.676837
0.185 0.680699
0.19 0.683522
0.195 0.685301
0.2 0.686034
0.205 0.68572
0.21 0.684359
0.215 0.681953
0.22 0.678506
0.225 0.674023
0.23 0.668512
0.235 0.661979
0.24 0.654436
0.245 0.645895
0.25 0.636367
0.255 0.625867
0.26 0.614412
0.265 0.602019
0.27 0.588707
0.275 0.574497
0.28 0.559409
0.285 0.543467
0.29 0.526696
0.295 0.50912
0.3 0.490767
0.305 0.471665
0.31 0.451843
0.315 0.431332
0.32 0.410161
0.325 0.388365
0.33 0.365976
0.335 0.343027
0.34 0.319556
0.345 0.295596
0.35 0.271185
0.355 0.246361
0.36 0.22116
0.365 0.195621
0.37 0.169784
0.375 0.143688
0.38 0.117372
0.385 0.0908769
0.39 0.0642432
0.395 0.0375115
0.4 0.0107225
0.405 -0.0160829
0.41 -0.0428637
0.415 -0.0695791
0.42 -0.0961882
0.425 -0.122651
0.43 -0.148926
0.435 -0.174973
0.44 -0.200754
0.445 -0.226228
0.45 -0.251357
0.455 -0.276102
0.46 -0.300425
0.465 -0.32429
0.47 -0.34766
0.475 -0.370499
0.48 -0.392773
0.485 -0.414446
0.49 -0.435488
0.495 -0.455864
0.5 -0.475544
0.505 -0.494498
0.51 -0.512698
0.515 -0.530115
0.52 -0.546722
0.525 -0.562495
0.53 -0.577409
0.535 -0.591441
0.54 -0.604571
0.545 -0.616777
0.55 -0.628042
0.555 -0.638348
0.56 -0.647679
0.565 -0.656022
0.57 -0.663363
0.575 -0.669691
0.58 -0.674996
0.585 -0.679271
0.59 -0.682508
0.595 -0.684703
0.6 -0.685853
0.605 -0.685955
0.61 -0.685009
0.615 -0.683016
0.62 -0.67998
0.625 -0.675906
0.63 -0.670798
0.635 -0.664664
0.64 -0.657515
0.645 -0.649359
0.65 -0.640211
0.655 -0.630082
0.66 -0.618988
0.665 -0.606947
0.67 -0.593974
0.675 -0.58009
0.68 -0.565316
0.685 -0.549672
0.69 -0.533182
0.695 -0.515869
0.7 -0.49776
0.705 -0.478881
0.71 -0.459258
0.715 -0.43892
0.72 -0.417896
0.725 -0.396215
0.73 -0.37391
0.735 -0.351011
0.74 -0.327549
0.745 -0.303558
0.75 -0.27907
0.755 -0.254118
0.76 -0.228736
0.765 -0.202958
0.77 -0.176817
0.775 -0.150347
0.78 -0.123582
0.785 -0.0965548
0.79 -0.0692991
0.795 -0.0418475
0.8 -0.0142323
0.805 0.0135147
0.81 0.0413625
0.815 0.0692809
0.82 0.0972404
0.825 0.125213
0.83 0.15317
0.835 0.181087
0.84 0.208938
0.845 0.236699
0.85 0.264348
0.855 0.291864
0.86 0.319229
0.865 0.346424
0.87 0.373433
0.875 0.400242
0.88 0.426838
0.885 0.453211
0.89 0.479352
0.895 0.505254
0.9 0.530911
0.905 0.55632
0.91 0.581479
0.915 0.60639
0.92 0.631054
0.925 0.655474
0.93 0.679658
0.935 0.703611
0.94 0.727343
0.945 0.750865
0.95 0.774189
0.955 0.797327
0.96 0.820295
0.965 0.843109
0.97 0.865785
0.975 0.888341
0.98 0.910796
0.985 0.933169
0.99 0.955481
0.995 0.977751
1 1
