0 0
0.005 0.0266357
0.01 0.0532307
0.015 0.0797444
0.02 0.106136
0.025 0.132366
0.03 0.158394
0.035 0.18418
0.04 0.209685
0.045 0.23487
0.05 0.259696
0.055 0.284126
0.06 0.308122
0.065 0.331648
0.07 0.354667
0.075 0.377145
0.08 0.399047
0.085 0.42034
0.09 0.440991
0.095 0.460969
0.1 0.480244
0.105 0.498785
0.11 0.516564
0.115 0.533556
0.12 0.549732
0.125 0.565069
0.13 0.579544
0.135 0.593134
0.14 0.605818
0.145 0.617578
0.15 0.628395
0.155 0.638252
0.16 0.647135
0.165 0.65503
0.17 0.661925
0.175 0.66781
0.18 0.672675
0.185 0.676513
0.19 0.679319
0.195 0.681087
0.2 0.681816
0.205 0.681503
0.21 0.680151
0.215 0.67776
0.22 0.674334
0.225 0.669879
0.23 0.664401
0.235 0.657909
0.24 0.650412
0.245 0.641923
0.25 0.632454
0.255 0.622019
0.26 0.610634
0.265 0.598317
0.27 0.585087
0.275 0.570964
0.28 0.555969
0.285 0.540125
0.29 0.523457
0.295 0.50599
0.3 0.48775
0.305 0.468765
0.31 0.449065
0.315 0.428679
0.32 0.407639
0.325 0.385977
0.33 0.363725
0.335 0.340918
0.34 0.317591
0.345 0.293779
0.35 0.269518
0.355 0.244846
0.36 0.2198
0.365 0.194418
0.37 0.16874
0.375 0.142804
0.38 0.11665
0.385 0.0903181
0.39 0.0638482
0.395 0.0372808
0.4 0.0106565
0.405 -0.015984
0.41 -0.0426001
0.415 -0.0691513
0.42 -0.0955968
0.425 -0.121896
0.43 -0.14801
0.435 -0.173897
0.44 -0.19952
0.445 -0.224837
0.45 -0.249811
0.455 -0.274404
0.46 -0.298578
0.465 -0.322296
0.47 -0.345522
0.475 -0.368221
0.48 -0.390357
0.485 -0.411898
0.49 -0.43281
0.495 -0.453061
0.5 -0.47262
0.505 -0.491458
0.51 -0.509545
0.515 -0.526855
0.52 -0.54336
0.525 -0.559036
0.53 -0.573858
0.535 -0.587804
0.54 -0.600853
0.545 -0.612984
0.55 -0.62418
0.555 -0.634422
0.56 -0.643696
0.565 -0.651987
0.57 -0.659283
0.575 -0.665572
0.58 -0.670845
0.585 -0.675093
0.59 -0.67831
0.595 -0.680491
0.6 -0.681633
0.605 -0.681734
0.61 -0.680794
0.615 -0.678813
0.62 -0.675795
0.625 -0.671745
0.63 -0.666667
0.635 -0.660571
0.64 -0.653464
0.645 -0.645357
0.65 -0.636263
0.655 -0.626195
0.66 -0.615168
0.665 -0.603198
0.67 -0.590302
0.675 -0.576501
0.68 -0.561814
0.685 -0.546262
0.69 -0.529869
0.695 -0.512658
0.7 -0.494655
0.705 -0.475885
0.71 -0.456376
0.715 -0.436155
0.72 -0.415251
0.725 -0.393694
0.73 -0.371515
0.735 -0.348744
0.74 -0.325413
0.745 -0.301553
0.75 -0.277199
0.755 -0.252382
0.76 -0.227135
0.765 -0.201493
0.77 -0.175487
0.775 -0.149152
0.78 -0.122522
0.785 -0.0956278
0.79 -0.0685038
0.795 -0.0411819
0.8 -0.0136942
0.805 0.0139282
0.81 0.0416545
0.815 0.0694549
0.82 0.0973003
0.825 0.125163
0.83 0.153015
0.835 0.180831
0.84 0.208587
0.845 0.236258
0.85 0.263824
0.855 0.291263
0.86 0.318557
0.865 0.345687
0.87 0.372639
0.875 0.399397
0.88 0.42595
0.885 0.452288
0.89 0.4784
0.895 0.50428
0.9 0.529924
0.905 0.555327
0.91 0.580488
0.915 0.605407
0.92 0.630086
0.925 0.654529
0.93 0.678741
0.935 0.702731
0.94 0.726505
0.945 0.750075
0.95 0.773451
0.955 0.796648
0.96 0.81968
0.965 0.84256
0.97 0.865307
0.975 0.887938
0.98 0.91047
0.985 0.932923
0.99 0.955316
0.995 0.977668
1 1
