0 0
0.005 0.0264719
0.01 0.0529034
0.015 0.0792541
0.02 0.105484
0.025 0.131552
0.03 0.15742
0.035 0.183048
0.04 0.208396
0.045 0.233426
0.05 0.258099
0.055 0.282379
0.06 0.306227
0.065 0.329608
0.07 0.352486
0.075 0.374826
0.08 0.396593
0.085 0.417755
0.09 0.43828
0.095 0.458135
0.1 0.477291
0.105 0.495718
0.11 0.513388
0.115 0.530275
0.12 0.546352
0.125 0.561595
0.13 0.57598
0.135 0.589487
0.14 0.602093
0.145 0.61378
0.15 0.624531
0.155 0.634327
0.16 0.643156
0.165 0.651002
0.17 0.657855
0.175 0.663704
0.18 0.668539
0.185 0.672353
0.19 0.675142
0.195 0.676899
0.2 0.677623
0.205 0.677313
0.21 0.675968
0.215 0.673592
0.22 0.670188
0.225 0.66576
0.23 0.660316
0.235 0.653863
0.24 0.646413
0.245 0.637976
0.25 0.628565
0.255 0.618194
0.26 0.606879
0.265 0.594638
0.27 0.58149
0.275 0.567453
0.28 0.55255
0.285 0.536804
0.29 0.520238
0.295 0.502878
0.3 0.484751
0.305 0.465883
0.31 0.446304
0.315 0.426043
0.32 0.405133
0.325 0.383603
0.33 0.361489
0.335 0.338822
0.34 0.315638
0.345 0.291972
0.35 0.267861
0.355 0.24334
0.36 0.218448
0.365 0.193223
0.37 0.167702
0.375 0.141926
0.38 0.115933
0.385 0.0897627
0.39 0.0634556
0.395 0.0370516
0.4 0.010591
0.405 -0.0158857
0.41 -0.0423382
0.415 -0.068726
0.42 -0.095009
0.425 -0.121147
0.43 -0.1471
0.435 -0.172828
0.44 -0.198293
0.445 -0.223454
0.45 -0.248275
0.455 -0.272717
0.46 -0.296742
0.465 -0.320314
0.47 -0.343398
0.475 -0.365957
0.48 -0.387957
0.485 -0.409365
0.49 -0.430148
0.495 -0.450275
0.5 -0.469714
0.505 -0.488436
0.51 -0.506412
0.515 -0.523615
0.52 -0.540019
0.525 -0.555598
0.53 -0.570329
0.535 -0.58419
0.54 -0.597158
0.545 -0.609215
0.55 -0.620342
0.555 -0.630521
0.56 -0.639738
0.565 -0.647978
0.57 -0.655228
0.575 -0.661478
0.58 -0.666718
0.585 -0.67094
0.59 -0.674137
0.595 -0.676305
0.6 -0.67744
0.605 -0.67754
0.61 -0.676604
0.615 -0.674635
0.62 -0.671635
0.625 -0.667609
0.63 -0.662562
0.635 -0.656501
0.64 -0.649437
0.645 -0.641379
0.65 -0.632339
0.655 -0.622331
0.66 -0.61137
0.665 -0.599471
0.67 -0.586652
0.675 -0.572932
0.68 -0.558332
0.685 -0.542872
0.69 -0.526575
0.695 -0.509465
0.7 -0.491566
0.705 -0.472905
0.71 -0.453508
0.715 -0.433403
0.72 -0.412618
0.725 -0.391184
0.73 -0.369129
0.735 -0.346485
0.74 -0.323283
0.745 -0.299555
0.75 -0.275332
0.755 -0.250648
0.76 -0.225535
0.765 -0.200027
0.77 -0.174156
0.775 -0.147955
0.78 -0.121457
0.785 -0.0946946
0.79 -0.0677006
0.795 -0.0405069
0.8 -0.013145
0.805 0.0143543
0.81 0.0419606
0.815 0.0696445
0.82 0.0973772
0.825 0.125131
0.83 0.152879
0.835 0.180597
0.84 0.208258
0.845 0.235842
0.85 0.263325
0.855 0.290688
0.86 0.317911
0.865 0.344978
0.87 0.371873
0.875 0.398582
0.88 0.425092
0.885 0.451394
0.89 0.477478
0.895 0.503337
0.9 0.528967
0.905 0.554363
0.91 0.579525
0.915 0.604452
0.92 0.629146
0.925 0.653611
0.93 0.677851
0.935 0.701875
0.94 0.72569
0.945 0.749306
0.95 0.772735
0.955 0.795988
0.96 0.819081
0.965 0.842027
0.97 0.864843
0.975 0.887546
0.98 0.910153
0.985 0.932683
0.99 0.955155
0.995 0.977587
1 1
