0 0
0.005 0.0263091
0.01 0.0525781
0.015 0.0787667
0.02 0.104835
0.025 0.130744
0.03 0.156452
0.035 0.181922
0.04 0.207115
0.045 0.231991
0.05 0.256512
0.055 0.280643
0.06 0.304345
0.065 0.327582
0.07 0.350319
0.075 0.372521
0.08 0.394155
0.085 0.415187
0.09 0.435585
0.095 0.455318
0.1 0.474356
0.105 0.49267
0.11 0.510231
0.115 0.527014
0.12 0.542992
0.125 0.558142
0.13 0.572439
0.135 0.585862
0.14 0.598391
0.145 0.610006
0.15 0.62069
0.155 0.630427
0.16 0.639201
0.165 0.647
0.17 0.65381
0.175 0.659623
0.18 0.664428
0.185 0.668219
0.19 0.67099
0.195 0.672737
0.2 0.673457
0.205 0.673148
0.21 0.671812
0.215 0.66945
0.22 0.666067
0.225 0.661666
0.23 0.656255
0.235 0.649843
0.24 0.642438
0.245 0.634053
0.25 0.6247
0.255 0.614393
0.26 0.603148
0.265 0.590982
0.27 0.577914
0.275 0.563964
0.28 0.549153
0.285 0.533503
0.29 0.517039
0.295 0.499786
0.3 0.48177
0.305 0.463018
0.31 0.443559
0.315 0.423424
0.32 0.402642
0.325 0.381245
0.33 0.359266
0.335 0.336739
0.34 0.313697
0.345 0.290177
0.35 0.266214
0.355 0.241844
0.36 0.217105
0.365 0.192035
0.37 0.166671
0.375 0.141053
0.38 0.11522
0.385 0.0892108
0.39 0.0630654
0.395 0.0368238
0.4 0.0105259
0.405 -0.015788
0.41 -0.0420779
0.415 -0.0683035
0.42 -0.0944248
0.425 -0.120402
0.43 -0.146195
0.435 -0.171765
0.44 -0.197073
0.445 -0.22208
0.45 -0.246749
0.455 -0.27104
0.46 -0.294917
0.465 -0.318345
0.47 -0.341286
0.475 -0.363706
0.48 -0.385572
0.485 -0.406848
0.49 -0.427503
0.495 -0.447506
0.5 -0.466826
0.505 -0.485432
0.51 -0.503298
0.515 -0.520395
0.52 -0.536698
0.525 -0.552182
0.53 -0.566822
0.535 -0.580597
0.54 -0.593486
0.545 -0.605468
0.55 -0.616527
0.555 -0.626643
0.56 -0.635803
0.565 -0.643993
0.57 -0.651198
0.575 -0.65741
0.58 -0.662617
0.585 -0.666813
0.59 -0.66999
0.595 -0.672144
0.6 -0.673272
0.605 -0.67337
0.61 -0.67244
0.615 -0.670483
0.62 -0.6675
0.625 -0.663498
0.63 -0.658481
0.635 -0.652457
0.64 -0.645434
0.645 -0.637424
0.65 -0.628439
0.655 -0.61849
0.66 -0.607594
0.665 -0.595765
0.67 -0.583022
0.675 -0.569384
0.68 -0.554869
0.685 -0.5395
0.69 -0.523298
0.695 -0.506288
0.7 -0.488493
0.705 -0.46994
0.71 -0.450654
0.715 -0.430664
0.72 -0.409998
0.725 -0.388684
0.73 -0.366753
0.735 -0.344234
0.74 -0.32116
0.745 -0.297561
0.75 -0.273469
0.755 -0.248917
0.76 -0.223937
0.765 -0.198561
0.77 -0.172822
0.775 -0.146754
0.78 -0.120387
0.785 -0.0937549
0.79 -0.0668896
0.795 -0.0398225
0.8 -0.0125848
0.805 0.0147929
0.81 0.0422807
0.815 0.0698495
0.82 0.097471
0.825 0.125118
0.83 0.152763
0.835 0.180383
0.84 0.207952
0.845 0.235448
0.85 0.26285
0.855 0.290138
0.86 0.317292
0.865 0.344296
0.87 0.371135
0.875 0.397794
0.88 0.424263
0.885 0.450529
0.89 0.476585
0.895 0.502423
0.9 0.528039
0.905 0.553429
0.91 0.578591
0.915 0.603525
0.92 0.628233
0.925 0.652718
0.93 0.676987
0.935 0.701044
0.94 0.724898
0.945 0.748559
0.95 0.772038
0.955 0.795346
0.96 0.818498
0.965 0.841508
0.97 0.864392
0.975 0.887165
0.98 0.909845
0.985 0.932451
0.99 0.954999
0.995 0.977509
1 1
