0 0
0.005 0.0261473
0.01 0.0522548
0.015 0.0782824
0.02 0.104191
0.025 0.12994
0.03 0.15549
0.035 0.180804
0.04 0.205841
0.045 0.230564
0.05 0.254935
0.055 0.278917
0.06 0.302473
0.065 0.325567
0.07 0.348165
0.075 0.370231
0.08 0.391731
0.085 0.412634
0.09 0.432906
0.095 0.452518
0.1 0.471439
0.105 0.48964
0.11 0.507094
0.115 0.523774
0.12 0.539653
0.125 0.55471
0.13 0.568919
0.135 0.58226
0.14 0.594711
0.145 0.606255
0.15 0.616874
0.155 0.626551
0.16 0.635271
0.165 0.643021
0.17 0.64979
0.175 0.655567
0.18 0.660343
0.185 0.66411
0.19 0.666864
0.195 0.6686
0.2 0.669316
0.205 0.669009
0.21 0.667681
0.215 0.665334
0.22 0.661971
0.225 0.657598
0.23 0.65222
0.235 0.645847
0.24 0.638488
0.245 0.630154
0.25 0.620858
0.255 0.610615
0.26 0.599439
0.265 0.587348
0.27 0.574361
0.275 0.560496
0.28 0.545776
0.285 0.530223
0.29 0.51386
0.295 0.496713
0.3 0.478807
0.305 0.460171
0.31 0.440832
0.315 0.42082
0.32 0.400166
0.325 0.3789
0.33 0.357057
0.335 0.334668
0.34 0.311768
0.345 0.288393
0.35 0.264577
0.355 0.240357
0.36 0.21577
0.365 0.190854
0.37 0.165646
0.375 0.140186
0.38 0.114511
0.385 0.0886622
0.39 0.0626776
0.395 0.0365973
0.4 0.0104612
0.405 -0.015691
0.41 -0.0418191
0.415 -0.0678835
0.42 -0.0938442
0.425 -0.119662
0.43 -0.145296
0.435 -0.170709
0.44 -0.195862
0.445 -0.220715
0.45 -0.245231
0.455 -0.269373
0.46 -0.293104
0.465 -0.316387
0.47 -0.339188
0.475 -0.36147
0.48 -0.383201
0.485 -0.404346
0.49 -0.424875
0.495 -0.444754
0.5 -0.463955
0.505 -0.482447
0.51 -0.500203
0.515 -0.517195
0.52 -0.533398
0.525 -0.548786
0.53 -0.563337
0.535 -0.577027
0.54 -0.589836
0.545 -0.601745
0.55 -0.612735
0.555 -0.62279
0.56 -0.631893
0.565 -0.640032
0.57 -0.647193
0.575 -0.653366
0.58 -0.658542
0.585 -0.662711
0.59 -0.665869
0.595 -0.668009
0.6 -0.669129
0.605 -0.669226
0.61 -0.668301
0.615 -0.666355
0.62 -0.66339
0.625 -0.659412
0.63 -0.654424
0.635 -0.648436
0.64 -0.641456
0.645 -0.633493
0.65 -0.624561
0.655 -0.614671
0.66 -0.603839
0.665 -0.592081
0.67 -0.579413
0.675 -0.565855
0.68 -0.551425
0.685 -0.536146
0.69 -0.520039
0.695 -0.503127
0.7 -0.485436
0.705 -0.466989
0.71 -0.447814
0.715 -0.427938
0.72 -0.407388
0.725 -0.386194
0.73 -0.364385
0.735 -0.341992
0.74 -0.319044
0.745 -0.295573
0.75 -0.271611
0.755 -0.247189
0.76 -0.22234
0.765 -0.197095
0.77 -0.171487
0.775 -0.145549
0.78 -0.119312
0.785 -0.092809
0.79 -0.0660707
0.795 -0.0391286
0.8 -0.0120137
0.805 0.0152439
0.81 0.0426147
0.815 0.0700699
0.82 0.0975815
0.825 0.125123
0.83 0.152667
0.835 0.18019
0.84 0.207668
0.845 0.235078
0.85 0.2624
0.855 0.289612
0.86 0.316698
0.865 0.343641
0.87 0.370424
0.875 0.397035
0.88 0.423461
0.885 0.449692
0.89 0.47572
0.895 0.501538
0.9 0.52714
0.905 0.552522
0.91 0.577684
0.915 0.602625
0.92 0.627347
0.925 0.651852
0.93 0.676146
0.935 0.700236
0.94 0.724128
0.945 0.747833
0.95 0.77136
0.955 0.794722
0.96 0.817932
0.965 0.841004
0.97 0.863953
0.975 0.886795
0.98 0.909546
0.985 0.932224
0.99 0.954847
0.995 0.977433
1 1
