0 0
0.005 0.0259866
0.01 0.0519334
0.015 0.0778011
0.02 0.10355
0.025 0.129141
0.03 0.154534
0.035 0.179692
0.04 0.204575
0.045 0.229146
0.05 0.253368
0.055 0.277202
0.06 0.300613
0.065 0.323566
0.07 0.346024
0.075 0.367954
0.08 0.389322
0.085 0.410096
0.09 0.430244
0.095 0.449736
0.1 0.46854
0.105 0.486629
0.11 0.503976
0.115 0.520553
0.12 0.536335
0.125 0.551299
0.13 0.565421
0.135 0.578679
0.14 0.591055
0.145 0.602528
0.15 0.613081
0.155 0.622698
0.16 0.631365
0.165 0.639067
0.17 0.645794
0.175 0.651536
0.18 0.656282
0.185 0.660027
0.19 0.662764
0.195 0.664489
0.2 0.6652
0.205 0.664895
0.21 0.663576
0.215 0.661243
0.22 0.657901
0.225 0.653554
0.23 0.64821
0.235 0.641876
0.24 0.634562
0.245 0.626279
0.25 0.617041
0.255 0.60686
0.26 0.595753
0.265 0.583737
0.27 0.570829
0.275 0.55705
0.28 0.54242
0.285 0.526963
0.29 0.5107
0.295 0.493659
0.3 0.475863
0.305 0.457341
0.31 0.438121
0.315 0.418233
0.32 0.397705
0.325 0.376571
0.33 0.354861
0.335 0.33261
0.34 0.309851
0.345 0.286619
0.35 0.26295
0.355 0.238879
0.36 0.214443
0.365 0.18968
0.37 0.164628
0.375 0.139324
0.38 0.113807
0.385 0.088117
0.39 0.0622922
0.395 0.0363723
0.4 0.0103969
0.405 -0.0155945
0.41 -0.041562
0.415 -0.067466
0.42 -0.0932671
0.425 -0.118926
0.43 -0.144403
0.435 -0.16966
0.44 -0.194657
0.445 -0.219358
0.45 -0.243723
0.455 -0.267717
0.46 -0.291302
0.465 -0.314442
0.47 -0.337102
0.475 -0.359247
0.48 -0.380844
0.485 -0.40186
0.49 -0.422262
0.495 -0.442019
0.5 -0.461102
0.505 -0.479481
0.51 -0.497127
0.515 -0.514015
0.52 -0.530118
0.525 -0.545412
0.53 -0.559872
0.535 -0.573479
0.54 -0.586209
0.545 -0.598045
0.55 -0.608967
0.555 -0.618959
0.56 -0.628007
0.565 -0.636095
0.57 -0.643213
0.575 -0.649347
0.58 -0.654491
0.585 -0.658634
0.59 -0.661772
0.595 -0.663899
0.6 -0.665011
0.605 -0.665108
0.61 -0.664188
0.615 -0.662253
0.62 -0.659305
0.625 -0.65535
0.63 -0.650392
0.635 -0.644439
0.64 -0.6375
0.645 -0.629585
0.65 -0.620706
0.655 -0.610875
0.66 -0.600107
0.665 -0.588418
0.67 -0.575825
0.675 -0.562346
0.68 -0.548001
0.685 -0.532811
0.69 -0.516797
0.695 -0.499984
0.7 -0.482394
0.705 -0.464053
0.71 -0.444988
0.715 -0.425224
0.72 -0.40479
0.725 -0.383715
0.73 -0.362027
0.735 -0.339757
0.74 -0.316934
0.745 -0.29359
0.75 -0.269756
0.755 -0.245463
0.76 -0.220743
0.765 -0.195628
0.77 -0.17015
0.775 -0.144341
0.78 -0.118233
0.785 -0.0918566
0.79 -0.0652439
0.795 -0.0384254
0.8 -0.0114318
0.805 0.0157072
0.81 0.0429624
0.815 0.0703054
0.82 0.0977086
0.825 0.125145
0.83 0.15259
0.835 0.180018
0.84 0.207405
0.845 0.234731
0.85 0.261973
0.855 0.289112
0.86 0.31613
0.865 0.343012
0.87 0.36974
0.875 0.396303
0.88 0.422687
0.885 0.448884
0.89 0.474884
0.895 0.50068
0.9 0.526268
0.905 0.551644
0.91 0.576805
0.915 0.601752
0.92 0.626486
0.925 0.651011
0.93 0.675331
0.935 0.699451
0.94 0.72338
0.945 0.747127
0.95 0.770702
0.955 0.794116
0.96 0.817382
0.965 0.840514
0.97 0.863526
0.975 0.886434
0.98 0.909255
0.985 0.932004
0.99 0.954699
0.995 0.977359
1 1
