0 0
0.005 0.0258268
0.01 0.0516141
0.015 0.0773227
0.02 0.102913
0.025 0.128347
0.03 0.153584
0.035 0.178587
0.04 0.203317
0.045 0.227737
0.05 0.25181
0.055 0.275498
0.06 0.298765
0.065 0.321576
0.07 0.343896
0.075 0.365692
0.08 0.386929
0.085 0.407575
0.09 0.427599
0.095 0.44697
0.1 0.465659
0.105 0.483637
0.11 0.500877
0.115 0.517352
0.12 0.533037
0.125 0.547909
0.13 0.561944
0.135 0.575121
0.14 0.58742
0.145 0.598823
0.15 0.609311
0.155 0.618869
0.16 0.627482
0.165 0.635138
0.17 0.641823
0.175 0.647529
0.18 0.652247
0.185 0.655968
0.19 0.658689
0.195 0.660403
0.2 0.66111
0.205 0.660807
0.21 0.659495
0.215 0.657177
0.22 0.653855
0.225 0.649535
0.23 0.644224
0.235 0.637929
0.24 0.63066
0.245 0.622429
0.25 0.613247
0.255 0.603129
0.26 0.59209
0.265 0.580147
0.27 0.567319
0.275 0.553624
0.28 0.539085
0.285 0.523722
0.29 0.50756
0.295 0.490623
0.3 0.472937
0.305 0.454529
0.31 0.435427
0.315 0.415661
0.32 0.39526
0.325 0.374255
0.33 0.352679
0.335 0.330565
0.34 0.307946
0.345 0.284857
0.35 0.261333
0.355 0.23741
0.36 0.213125
0.365 0.188514
0.37 0.163615
0.375 0.138467
0.38 0.113108
0.385 0.0875752
0.39 0.0619092
0.395 0.0361487
0.4 0.0103329
0.405 -0.0154986
0.41 -0.0413064
0.415 -0.0670512
0.42 -0.0926936
0.425 -0.118195
0.43 -0.143515
0.435 -0.168616
0.44 -0.19346
0.445 -0.218009
0.45 -0.242225
0.455 -0.266071
0.46 -0.289511
0.465 -0.312508
0.47 -0.335029
0.475 -0.357038
0.48 -0.378503
0.485 -0.399389
0.49 -0.419666
0.495 -0.439301
0.5 -0.458267
0.505 -0.476532
0.51 -0.49407
0.515 -0.510854
0.52 -0.526858
0.525 -0.542058
0.53 -0.556429
0.535 -0.569952
0.54 -0.582604
0.545 -0.594367
0.55 -0.605222
0.555 -0.615153
0.56 -0.624144
0.565 -0.632183
0.57 -0.639256
0.575 -0.645353
0.58 -0.650464
0.585 -0.654582
0.59 -0.6577
0.595 -0.659813
0.6 -0.660918
0.605 -0.661014
0.61 -0.660099
0.615 -0.658175
0.62 -0.655245
0.625 -0.651312
0.63 -0.646384
0.635 -0.640466
0.64 -0.633568
0.645 -0.6257
0.65 -0.616873
0.655 -0.6071
0.66 -0.596396
0.665 -0.584776
0.67 -0.572256
0.675 -0.558856
0.68 -0.544595
0.685 -0.529493
0.69 -0.513573
0.695 -0.496856
0.7 -0.479367
0.705 -0.461132
0.71 -0.442174
0.715 -0.422523
0.72 -0.402203
0.725 -0.381246
0.73 -0.359678
0.735 -0.337529
0.74 -0.314831
0.745 -0.291612
0.75 -0.267905
0.755 -0.243739
0.76 -0.219148
0.765 -0.194161
0.77 -0.168811
0.775 -0.14313
0.78 -0.117149
0.785 -0.0908979
0.79 -0.0644092
0.795 -0.0377129
0.8 -0.0108391
0.805 0.0161827
0.81 0.0433238
0.815 0.070556
0.82 0.0978521
0.825 0.125186
0.83 0.152532
0.835 0.179865
0.84 0.207164
0.845 0.234405
0.85 0.261569
0.855 0.288636
0.86 0.315588
0.865 0.342408
0.87 0.369082
0.875 0.395597
0.88 0.421941
0.885 0.448103
0.89 0.474075
0.895 0.499851
0.9 0.525424
0.905 0.550792
0.91 0.575953
0.915 0.600905
0.92 0.625652
0.925 0.650195
0.93 0.674538
0.935 0.698689
0.94 0.722654
0.945 0.746442
0.95 0.770062
0.955 0.793527
0.96 0.816847
0.965 0.840037
0.97 0.863111
0.975 0.886084
0.98 0.908971
0.985 0.93179
0.99 0.954556
0.995 0.977287
1 1
