0 0
0.005 0.025668
0.01 0.0512967
0.015 0.0768472
0.02 0.10228
0.025 0.127557
0.03 0.15264
0.035 0.177489
0.04 0.202067
0.045 0.226337
0.05 0.250261
0.055 0.273803
0.06 0.296928
0.065 0.319599
0.07 0.341782
0.075 0.363443
0.08 0.384549
0.085 0.405069
0.09 0.42497
0.095 0.444222
0.1 0.462796
0.105 0.480663
0.11 0.497797
0.115 0.514171
0.12 0.52976
0.125 0.54454
0.13 0.558489
0.135 0.571585
0.14 0.583808
0.145 0.595141
0.15 0.605564
0.155 0.615064
0.16 0.623624
0.165 0.631232
0.17 0.637877
0.175 0.643548
0.18 0.648236
0.185 0.651935
0.19 0.654638
0.195 0.656342
0.2 0.657045
0.205 0.656744
0.21 0.65544
0.215 0.653136
0.22 0.649835
0.225 0.645541
0.23 0.640263
0.235 0.634006
0.24 0.626782
0.245 0.618601
0.25 0.609476
0.255 0.59942
0.26 0.588449
0.265 0.57658
0.27 0.56383
0.275 0.55022
0.28 0.53577
0.285 0.520502
0.29 0.504439
0.295 0.487606
0.3 0.470029
0.305 0.451734
0.31 0.43275
0.315 0.413105
0.32 0.392829
0.325 0.371954
0.33 0.350511
0.335 0.328532
0.34 0.306052
0.345 0.283105
0.35 0.259726
0.355 0.23595
0.36 0.211814
0.365 0.187355
0.37 0.162609
0.375 0.137616
0.38 0.112412
0.385 0.0870367
0.39 0.0615285
0.395 0.0359264
0.4 0.0102694
0.405 -0.0154033
0.41 -0.0410524
0.415 -0.0666389
0.42 -0.0921236
0.425 -0.117468
0.43 -0.142633
0.435 -0.16758
0.44 -0.192271
0.445 -0.216668
0.45 -0.240735
0.455 -0.264435
0.46 -0.28773
0.465 -0.310587
0.47 -0.332969
0.475 -0.354843
0.48 -0.376175
0.485 -0.396933
0.49 -0.417085
0.495 -0.4366
0.5 -0.455449
0.505 -0.473602
0.51 -0.491032
0.515 -0.507713
0.52 -0.523618
0.525 -0.538724
0.53 -0.553008
0.535 -0.566447
0.54 -0.579021
0.545 -0.590711
0.55 -0.6015
0.555 -0.611369
0.56 -0.620305
0.565 -0.628294
0.57 -0.635324
0.575 -0.641383
0.58 -0.646463
0.585 -0.650555
0.59 -0.653653
0.595 -0.655753
0.6 -0.656851
0.605 -0.656945
0.61 -0.656035
0.615 -0.654122
0.62 -0.651208
0.625 -0.647299
0.63 -0.6424
0.635 -0.636517
0.64 -0.62966
0.645 -0.621838
0.65 -0.613063
0.655 -0.603348
0.66 -0.592706
0.665 -0.581154
0.67 -0.568708
0.675 -0.555386
0.68 -0.541208
0.685 -0.526194
0.69 -0.510365
0.695 -0.493745
0.7 -0.476356
0.705 -0.458224
0.71 -0.439374
0.715 -0.419833
0.72 -0.399628
0.725 -0.378786
0.73 -0.357337
0.735 -0.335309
0.74 -0.312733
0.745 -0.289639
0.75 -0.266057
0.755 -0.242018
0.76 -0.217553
0.765 -0.192693
0.77 -0.167471
0.775 -0.141915
0.78 -0.116059
0.785 -0.0899328
0.79 -0.0635667
0.795 -0.0369911
0.8 -0.0102357
0.805 0.0166704
0.81 0.0436987
0.815 0.0708214
0.82 0.0980118
0.825 0.125244
0.83 0.152492
0.835 0.179733
0.84 0.206943
0.845 0.234102
0.85 0.261188
0.855 0.288183
0.86 0.315069
0.865 0.34183
0.87 0.368451
0.875 0.394918
0.88 0.421221
0.885 0.447349
0.89 0.473293
0.895 0.499048
0.9 0.524607
0.905 0.549967
0.91 0.575126
0.915 0.600084
0.92 0.624842
0.925 0.649402
0.93 0.673769
0.935 0.697949
0.94 0.721948
0.945 0.745776
0.95 0.769441
0.955 0.792954
0.96 0.816328
0.965 0.839574
0.97 0.862708
0.975 0.885744
0.98 0.908696
0.985 0.931582
0.99 0.954416
0.995 0.977217
1 1
