0 0
0.005 0.0376244
0.01 0.0751914
0.015 0.112644
0.02 0.149924
0.025 0.186975
0.03 0.223741
0.035 0.260166
0.04 0.296193
0.045 0.331768
0.05 0.366836
0.055 0.401345
0.06 0.435241
0.065 0.468472
0.07 0.500988
0.075 0.53274
0.08 0.563678
0.085 0.593755
0.09 0.622926
0.095 0.651146
0.1 0.678372
0.105 0.704563
0.11 0.729678
0.115 0.753679
0.12 0.776529
0.125 0.798194
0.13 0.81864
0.135 0.837837
0.14 0.855754
0.145 0.872365
0.15 0.887644
0.155 0.901569
0.16 0.914116
0.165 0.925269
0.17 0.935009
0.175 0.943321
0.18 0.950193
0.185 0.955615
0.19 0.959578
0.195 0.962076
0.2 0.963105
0.205 0.962664
0.21 0.960753
0.215 0.957375
0.22 0.952536
0.225 0.946243
0.23 0.938506
0.235 0.929335
0.24 0.918746
0.245 0.906754
0.25 0.893378
0.255 0.878638
0.26 0.862557
0.265 0.845159
0.27 0.82647
0.275 0.80652
0.28 0.785339
0.285 0.762959
0.29 0.739414
0.295 0.71474
0.3 0.688975
0.305 0.662158
0.31 0.634331
0.315 0.605535
0.32 0.575814
0.325 0.545215
0.33 0.513783
0.335 0.481567
0.34 0.448616
0.345 0.41498
0.35 0.38071
0.355 0.345859
0.36 0.31048
0.365 0.274627
0.37 0.238355
0.375 0.201719
0.38 0.164775
0.385 0.12758
0.39 0.0901893
0.395 0.0526614
0.4 0.015053
0.405 -0.0225783
0.41 -0.0601752
0.415 -0.0976802
0.42 -0.135036
0.425 -0.172186
0.43 -0.209073
0.435 -0.24564
0.44 -0.281833
0.445 -0.317596
0.45 -0.352873
0.455 -0.387612
0.46 -0.421759
0.465 -0.455262
0.47 -0.488071
0.475 -0.520134
0.48 -0.551403
0.485 -0.58183
0.49 -0.611369
0.495 -0.639975
0.5 -0.667604
0.505 -0.694214
0.51 -0.719763
0.515 -0.744214
0.52 -0.767529
0.525 -0.789672
0.53 -0.81061
0.535 -0.83031
0.54 -0.848742
0.545 -0.865879
0.55 -0.881694
0.555 -0.896163
0.56 -0.909264
0.565 -0.920976
0.57 -0.931283
0.575 -0.940168
0.58 -0.947618
0.585 -0.953621
0.59 -0.958168
0.595 -0.961252
0.6 -0.962869
0.605 -0.963017
0.61 -0.961693
0.615 -0.958902
0.62 -0.954647
0.625 -0.948934
0.63 -0.941773
0.635 -0.933174
0.64 -0.923151
0.645 -0.911718
0.65 -0.898893
0.655 -0.884696
0.66 -0.869149
0.665 -0.852274
0.67 -0.834099
0.675 -0.81465
0.68 -0.793957
0.685 -0.772053
0.69 -0.748969
0.695 -0.724743
0.7 -0.69941
0.705 -0.673009
0.71 -0.64558
0.715 -0.617167
0.72 -0.587811
0.725 -0.557557
0.73 -0.526453
0.735 -0.494545
0.74 -0.461881
0.745 -0.428513
0.75 -0.39449
0.755 -0.359866
0.76 -0.324692
0.765 -0.289022
0.77 -0.252911
0.775 -0.216414
0.78 -0.179586
0.785 -0.142484
0.79 -0.105165
0.795 -0.0676854
0.8 -0.0301023
0.805 0.00752673
0.81 0.0451443
0.815 0.0826929
0.82 0.120115
0.825 0.157354
0.83 0.194353
0.835 0.231055
0.84 0.267405
0.845 0.303346
0.85 0.338824
0.855 0.373785
0.86 0.408175
0.865 0.441942
0.87 0.475035
0.875 0.507403
0.88 0.538998
0.885 0.56977
0.89 0.599675
0.895 0.628667
0.9 0.656704
0.905 0.683746
0.91 0.709756
0.915 0.7347
0.92 0.758548
0.925 0.781275
0.93 0.802863
0.935 0.823298
0.94 0.84258
0.945 0.860714
0.95 0.877718
0.955 0.893625
0.96 0.90848
0.965 0.922344
0.97 0.935293
0.975 0.947421
0.98 0.958836
0.985 0.969661
0.99 0.980032
0.995 0.990094
1 1
