0 0
0.005 0.0255101
0.01 0.0509813
0.015 0.0763747
0.02 0.101651
0.025 0.126773
0.03 0.151701
0.035 0.176398
0.04 0.200825
0.045 0.224945
0.05 0.248722
0.055 0.27212
0.06 0.295102
0.065 0.317633
0.07 0.33968
0.075 0.361208
0.08 0.382185
0.085 0.402578
0.09 0.422357
0.095 0.44149
0.1 0.45995
0.105 0.477708
0.11 0.494736
0.115 0.511009
0.12 0.526502
0.125 0.541191
0.13 0.555054
0.135 0.56807
0.14 0.580219
0.145 0.591481
0.15 0.601841
0.155 0.611282
0.16 0.619789
0.165 0.627351
0.17 0.633955
0.175 0.639591
0.18 0.64425
0.185 0.647926
0.19 0.650613
0.195 0.652307
0.2 0.653004
0.205 0.652705
0.21 0.65141
0.215 0.64912
0.22 0.645839
0.225 0.641572
0.23 0.636326
0.235 0.630108
0.24 0.622928
0.245 0.614798
0.25 0.605728
0.255 0.595734
0.26 0.584831
0.265 0.573035
0.27 0.560364
0.275 0.546837
0.28 0.532476
0.285 0.517301
0.29 0.501337
0.295 0.484608
0.3 0.467139
0.305 0.448957
0.31 0.430089
0.315 0.410565
0.32 0.390414
0.325 0.369667
0.33 0.348355
0.335 0.326512
0.34 0.304171
0.345 0.281365
0.35 0.258129
0.355 0.234499
0.36 0.210512
0.365 0.186203
0.37 0.16161
0.375 0.13677
0.38 0.111721
0.385 0.0865015
0.39 0.0611502
0.395 0.0357055
0.4 0.0102062
0.405 -0.0153086
0.41 -0.0408
0.415 -0.0662291
0.42 -0.0915572
0.425 -0.116745
0.43 -0.141755
0.435 -0.166549
0.44 -0.191088
0.445 -0.215336
0.45 -0.239255
0.455 -0.262809
0.46 -0.285961
0.465 -0.308677
0.47 -0.330922
0.475 -0.352661
0.48 -0.373862
0.485 -0.394492
0.49 -0.41452
0.495 -0.433915
0.5 -0.452648
0.505 -0.47069
0.51 -0.488013
0.515 -0.504591
0.52 -0.520398
0.525 -0.535411
0.53 -0.549607
0.535 -0.562963
0.54 -0.57546
0.545 -0.587078
0.55 -0.5978
0.555 -0.607609
0.56 -0.61649
0.565 -0.62443
0.57 -0.631416
0.575 -0.637437
0.58 -0.642485
0.585 -0.646552
0.59 -0.649631
0.595 -0.651717
0.6 -0.652807
0.605 -0.6529
0.61 -0.651995
0.615 -0.650093
0.62 -0.647196
0.625 -0.64331
0.63 -0.638439
0.635 -0.632591
0.64 -0.625774
0.645 -0.617998
0.65 -0.609275
0.655 -0.599617
0.66 -0.589037
0.665 -0.577553
0.67 -0.56518
0.675 -0.551936
0.68 -0.53784
0.685 -0.522912
0.69 -0.507175
0.695 -0.49065
0.7 -0.47336
0.705 -0.455331
0.71 -0.436587
0.715 -0.417156
0.72 -0.397063
0.725 -0.376336
0.73 -0.355005
0.735 -0.333097
0.74 -0.310642
0.745 -0.287671
0.75 -0.264213
0.755 -0.240298
0.76 -0.215959
0.765 -0.191225
0.77 -0.166127
0.775 -0.140697
0.78 -0.114965
0.785 -0.0889614
0.79 -0.0627165
0.795 -0.0362601
0.8 -0.00962169
0.805 0.01717
0.81 0.0440869
0.815 0.0711016
0.82 0.0981875
0.825 0.125319
0.83 0.152471
0.835 0.17962
0.84 0.206744
0.845 0.233821
0.85 0.26083
0.855 0.287754
0.86 0.314575
0.865 0.341277
0.87 0.367844
0.875 0.394265
0.88 0.420527
0.885 0.446621
0.89 0.472538
0.895 0.498272
0.9 0.523816
0.905 0.549168
0.91 0.574326
0.915 0.599288
0.92 0.624056
0.925 0.648633
0.93 0.673023
0.935 0.697231
0.94 0.721263
0.945 0.745129
0.95 0.768837
0.955 0.792398
0.96 0.815823
0.965 0.839124
0.97 0.862316
0.975 0.885413
0.98 0.908429
0.985 0.931379
0.99 0.95428
0.995 0.977149
1 1
