0 0
0.005 0.0253533
0.01 0.0506678
0.015 0.0759051
0.02 0.101026
0.025 0.125994
0.03 0.150768
0.035 0.175313
0.04 0.19959
0.045 0.223562
0.05 0.247193
0.055 0.270447
0.06 0.293287
0.065 0.31568
0.07 0.337591
0.075 0.358987
0.08 0.379835
0.085 0.400103
0.09 0.419759
0.095 0.438776
0.1 0.457122
0.105 0.47477
0.11 0.491694
0.115 0.507867
0.12 0.523265
0.125 0.537864
0.13 0.551641
0.135 0.564577
0.14 0.576651
0.145 0.587844
0.15 0.59814
0.155 0.607523
0.16 0.615978
0.165 0.623493
0.17 0.630057
0.175 0.635658
0.18 0.640289
0.185 0.643942
0.19 0.646612
0.195 0.648296
0.2 0.648989
0.205 0.648692
0.21 0.647404
0.215 0.645128
0.22 0.641868
0.225 0.637627
0.23 0.632413
0.235 0.626233
0.24 0.619098
0.245 0.611017
0.25 0.602004
0.255 0.592071
0.26 0.581235
0.265 0.569511
0.27 0.556918
0.275 0.543475
0.28 0.529202
0.285 0.514121
0.29 0.498255
0.295 0.481628
0.3 0.464267
0.305 0.446196
0.31 0.427445
0.315 0.40804
0.32 0.388013
0.325 0.367394
0.33 0.346213
0.335 0.324505
0.34 0.3023
0.345 0.279634
0.35 0.256542
0.355 0.233057
0.36 0.209217
0.365 0.185058
0.37 0.160616
0.375 0.135929
0.38 0.111034
0.385 0.0859697
0.39 0.0607742
0.395 0.0354859
0.4 0.0101435
0.405 -0.0152144
0.41 -0.0405491
0.415 -0.0658219
0.42 -0.0909942
0.425 -0.116028
0.43 -0.140884
0.435 -0.165525
0.44 -0.189913
0.445 -0.214012
0.45 -0.237784
0.455 -0.261193
0.46 -0.284203
0.465 -0.306779
0.47 -0.328887
0.475 -0.350492
0.48 -0.371563
0.485 -0.392066
0.49 -0.411971
0.495 -0.431247
0.5 -0.449865
0.505 -0.467795
0.51 -0.485012
0.515 -0.501488
0.52 -0.517198
0.525 -0.532119
0.53 -0.546227
0.535 -0.559501
0.54 -0.571921
0.545 -0.583468
0.55 -0.594123
0.555 -0.603872
0.56 -0.612698
0.565 -0.620589
0.57 -0.627531
0.575 -0.633516
0.58 -0.638532
0.585 -0.642573
0.59 -0.645633
0.595 -0.647706
0.6 -0.648789
0.605 -0.64888
0.61 -0.64798
0.615 -0.646088
0.62 -0.643208
0.625 -0.639345
0.63 -0.634502
0.635 -0.628688
0.64 -0.621911
0.645 -0.614181
0.65 -0.605509
0.655 -0.595907
0.66 -0.58539
0.665 -0.573972
0.67 -0.561671
0.675 -0.548504
0.68 -0.534489
0.685 -0.519648
0.69 -0.504001
0.695 -0.48757
0.7 -0.470379
0.705 -0.452452
0.71 -0.433813
0.715 -0.41449
0.72 -0.394509
0.725 -0.373896
0.73 -0.352681
0.735 -0.330891
0.74 -0.308557
0.745 -0.285707
0.75 -0.262372
0.755 -0.238581
0.76 -0.214366
0.765 -0.189756
0.77 -0.164782
0.775 -0.139475
0.78 -0.113866
0.785 -0.0879835
0.79 -0.0618584
0.795 -0.0355199
0.8 -0.0089971
0.805 0.0176816
0.81 0.0444885
0.815 0.0713964
0.82 0.0983791
0.825 0.125411
0.83 0.152468
0.835 0.179527
0.84 0.206565
0.845 0.233561
0.85 0.260495
0.855 0.287349
0.86 0.314105
0.865 0.340748
0.87 0.367263
0.875 0.393638
0.88 0.41986
0.885 0.44592
0.89 0.471809
0.895 0.497521
0.9 0.523051
0.905 0.548395
0.91 0.57355
0.915 0.598516
0.92 0.623295
0.925 0.647888
0.93 0.672299
0.935 0.696534
0.94 0.720599
0.945 0.744501
0.95 0.768251
0.955 0.791857
0.96 0.815332
0.965 0.838687
0.97 0.861936
0.975 0.885092
0.98 0.908169
0.985 0.931183
0.99 0.954149
0.995 0.977082
1 1
