0 0
0.005 0.0251974
0.01 0.0503563
0.015 0.0754383
0.02 0.100405
0.025 0.125219
0.03 0.149841
0.035 0.174235
0.04 0.198363
0.045 0.222187
0.05 0.245673
0.055 0.268784
0.06 0.291484
0.065 0.313739
0.07 0.335516
0.075 0.35678
0.08 0.377499
0.085 0.397642
0.09 0.417178
0.095 0.436078
0.1 0.454311
0.105 0.471851
0.11 0.488671
0.115 0.504744
0.12 0.520047
0.125 0.534556
0.13 0.548249
0.135 0.561106
0.14 0.573105
0.145 0.58423
0.15 0.594462
0.155 0.603787
0.16 0.612191
0.165 0.61966
0.17 0.626182
0.175 0.631749
0.18 0.636352
0.185 0.639983
0.19 0.642636
0.195 0.644309
0.2 0.644999
0.205 0.644703
0.21 0.643424
0.215 0.641162
0.22 0.637921
0.225 0.633706
0.23 0.628524
0.235 0.622383
0.24 0.615291
0.245 0.60726
0.25 0.598302
0.255 0.588431
0.26 0.577661
0.265 0.566009
0.27 0.553493
0.275 0.540133
0.28 0.525947
0.285 0.510959
0.29 0.495191
0.295 0.478667
0.3 0.461412
0.305 0.443453
0.31 0.424816
0.315 0.405531
0.32 0.385627
0.325 0.365135
0.33 0.344085
0.335 0.322509
0.34 0.300441
0.345 0.277915
0.35 0.254964
0.355 0.231624
0.36 0.207931
0.365 0.18392
0.37 0.159628
0.375 0.135093
0.38 0.110351
0.385 0.085441
0.39 0.0604005
0.395 0.0352677
0.4 0.0100811
0.405 -0.0151209
0.41 -0.0402998
0.415 -0.0654172
0.42 -0.0904347
0.425 -0.115314
0.43 -0.140018
0.435 -0.164507
0.44 -0.188746
0.445 -0.212696
0.45 -0.236322
0.455 -0.259587
0.46 -0.282455
0.465 -0.304892
0.47 -0.326864
0.475 -0.348337
0.48 -0.369278
0.485 -0.389656
0.49 -0.409438
0.495 -0.428595
0.5 -0.447098
0.505 -0.464919
0.51 -0.482029
0.515 -0.498404
0.52 -0.514017
0.525 -0.528846
0.53 -0.542868
0.535 -0.55606
0.54 -0.568404
0.545 -0.579879
0.55 -0.590469
0.555 -0.600157
0.56 -0.608929
0.565 -0.616771
0.57 -0.623671
0.575 -0.629618
0.58 -0.634603
0.585 -0.638619
0.59 -0.641659
0.595 -0.643719
0.6 -0.644794
0.605 -0.644884
0.61 -0.643988
0.615 -0.642107
0.62 -0.639244
0.625 -0.635403
0.63 -0.630589
0.635 -0.624809
0.64 -0.618071
0.645 -0.610386
0.65 -0.601765
0.655 -0.592219
0.66 -0.581763
0.665 -0.570412
0.67 -0.558182
0.675 -0.545091
0.68 -0.531157
0.685 -0.516401
0.69 -0.500843
0.695 -0.484506
0.7 -0.467412
0.705 -0.449586
0.71 -0.431052
0.715 -0.411836
0.72 -0.391965
0.725 -0.371465
0.73 -0.350365
0.735 -0.328693
0.74 -0.306477
0.745 -0.283748
0.75 -0.260534
0.755 -0.236866
0.76 -0.212773
0.765 -0.188286
0.77 -0.163435
0.775 -0.13825
0.78 -0.112762
0.785 -0.0869994
0.79 -0.0609926
0.795 -0.0347706
0.8 -0.00836203
0.805 0.0182051
0.81 0.0449032
0.815 0.0717056
0.82 0.0985863
0.825 0.12552
0.83 0.152483
0.835 0.179452
0.84 0.206405
0.845 0.233322
0.85 0.260181
0.855 0.286966
0.86 0.313658
0.865 0.340243
0.87 0.366707
0.875 0.393035
0.88 0.419217
0.885 0.445243
0.89 0.471105
0.895 0.496797
0.9 0.522311
0.905 0.547646
0.91 0.572799
0.915 0.597769
0.92 0.622557
0.925 0.647165
0.93 0.671597
0.935 0.695857
0.94 0.719953
0.945 0.743892
0.95 0.767682
0.955 0.791333
0.96 0.814856
0.965 0.838263
0.97 0.861566
0.975 0.884779
0.98 0.907916
0.985 0.930992
0.99 0.954021
0.995 0.977018
1 1
