0 0
0.005 0.0250424
0.01 0.0500467
0.015 0.0749745
0.02 0.0997878
0.025 0.124449
0.03 0.14892
0.035 0.173164
0.04 0.197143
0.045 0.220821
0.05 0.244162
0.055 0.267131
0.06 0.289692
0.065 0.31181
0.07 0.333453
0.075 0.354586
0.08 0.375178
0.085 0.395197
0.09 0.414613
0.095 0.433396
0.1 0.451518
0.105 0.46895
0.11 0.485666
0.115 0.501641
0.12 0.51685
0.125 0.531269
0.13 0.544878
0.135 0.557655
0.14 0.569581
0.145 0.580637
0.15 0.590807
0.155 0.600075
0.16 0.608426
0.165 0.615849
0.17 0.622332
0.175 0.627865
0.18 0.632439
0.185 0.636047
0.19 0.638685
0.195 0.640348
0.2 0.641033
0.205 0.640739
0.21 0.639467
0.215 0.637219
0.22 0.633998
0.225 0.62981
0.23 0.62466
0.235 0.618556
0.24 0.611508
0.245 0.603526
0.25 0.594623
0.255 0.584812
0.26 0.574109
0.265 0.562529
0.27 0.55009
0.275 0.536812
0.28 0.522713
0.285 0.507817
0.29 0.492146
0.295 0.475724
0.3 0.458575
0.305 0.440726
0.31 0.422204
0.315 0.403038
0.32 0.383256
0.325 0.362889
0.33 0.341969
0.335 0.320526
0.34 0.298594
0.345 0.276206
0.35 0.253397
0.355 0.2302
0.36 0.206652
0.365 0.182789
0.37 0.158647
0.375 0.134262
0.38 0.109673
0.385 0.0849157
0.39 0.0600291
0.395 0.0350509
0.4 0.0100191
0.405 -0.0150279
0.41 -0.040052
0.415 -0.0650149
0.42 -0.0898786
0.425 -0.114605
0.43 -0.139157
0.435 -0.163496
0.44 -0.187585
0.445 -0.211388
0.45 -0.234869
0.455 -0.25799
0.46 -0.280718
0.465 -0.303018
0.47 -0.324854
0.475 -0.346195
0.48 -0.367007
0.485 -0.387259
0.49 -0.40692
0.495 -0.42596
0.5 -0.444349
0.505 -0.46206
0.51 -0.479065
0.515 -0.495339
0.52 -0.510856
0.525 -0.525594
0.53 -0.539529
0.535 -0.55264
0.54 -0.564908
0.545 -0.576312
0.55 -0.586837
0.555 -0.596466
0.56 -0.605183
0.565 -0.612977
0.57 -0.619834
0.575 -0.625744
0.58 -0.630698
0.585 -0.634689
0.59 -0.63771
0.595 -0.639756
0.6 -0.640824
0.605 -0.640913
0.61 -0.640021
0.615 -0.638151
0.62 -0.635304
0.625 -0.631484
0.63 -0.626698
0.635 -0.620952
0.64 -0.614254
0.645 -0.606613
0.65 -0.598042
0.655 -0.588552
0.66 -0.578156
0.665 -0.566871
0.67 -0.554712
0.675 -0.541696
0.68 -0.527843
0.685 -0.513171
0.69 -0.497702
0.695 -0.481457
0.7 -0.46446
0.705 -0.446734
0.71 -0.428303
0.715 -0.409194
0.72 -0.389432
0.725 -0.369044
0.73 -0.348058
0.735 -0.326501
0.74 -0.304404
0.745 -0.281793
0.75 -0.258699
0.755 -0.235152
0.76 -0.21118
0.765 -0.186815
0.77 -0.162085
0.775 -0.137021
0.78 -0.111653
0.785 -0.0860089
0.79 -0.0601192
0.795 -0.0340123
0.8 -0.00771657
0.805 0.0187402
0.81 0.0453309
0.815 0.072029
0.82 0.098809
0.825 0.125646
0.83 0.152516
0.835 0.179397
0.84 0.206266
0.845 0.233103
0.85 0.259889
0.855 0.286605
0.86 0.313235
0.865 0.339762
0.87 0.366174
0.875 0.392457
0.88 0.418599
0.885 0.444592
0.89 0.470427
0.895 0.496097
0.9 0.521597
0.905 0.546922
0.91 0.572072
0.915 0.597045
0.92 0.621842
0.925 0.646464
0.93 0.670916
0.935 0.695201
0.94 0.719327
0.945 0.7433
0.95 0.767129
0.955 0.790823
0.96 0.814393
0.965 0.83785
0.97 0.861207
0.975 0.884476
0.98 0.907671
0.985 0.930806
0.99 0.953896
0.995 0.976956
1 1
