0 0
0.005 0.0248885
0.01 0.0497389
0.015 0.0745134
0.02 0.0991742
0.025 0.123684
0.03 0.148004
0.035 0.172099
0.04 0.195931
0.045 0.219463
0.05 0.242661
0.055 0.265488
0.06 0.28791
0.065 0.309893
0.07 0.331402
0.075 0.352406
0.08 0.372871
0.085 0.392767
0.09 0.412064
0.095 0.430731
0.1 0.448741
0.105 0.466066
0.11 0.48268
0.115 0.498556
0.12 0.513672
0.125 0.528003
0.13 0.541528
0.135 0.554226
0.14 0.566079
0.145 0.577067
0.15 0.587174
0.155 0.596385
0.16 0.604685
0.165 0.612062
0.17 0.618505
0.175 0.624004
0.18 0.62855
0.185 0.632136
0.19 0.634758
0.195 0.63641
0.2 0.637091
0.205 0.636799
0.21 0.635535
0.215 0.633301
0.22 0.6301
0.225 0.625937
0.23 0.620819
0.235 0.614752
0.24 0.607748
0.245 0.599815
0.25 0.590967
0.255 0.581216
0.26 0.570579
0.265 0.55907
0.27 0.546708
0.275 0.533511
0.28 0.519499
0.285 0.504695
0.29 0.48912
0.295 0.472798
0.3 0.455755
0.305 0.438016
0.31 0.419608
0.315 0.400559
0.32 0.3809
0.325 0.360658
0.33 0.339866
0.335 0.318555
0.34 0.296758
0.345 0.274508
0.35 0.251838
0.355 0.228785
0.36 0.205382
0.365 0.181665
0.37 0.157671
0.375 0.133437
0.38 0.108998
0.385 0.0843935
0.39 0.05966
0.395 0.0348353
0.4 0.00995754
0.405 -0.0149355
0.41 -0.0398057
0.415 -0.0646151
0.42 -0.0893259
0.425 -0.1139
0.43 -0.138301
0.435 -0.16249
0.44 -0.186432
0.445 -0.210088
0.45 -0.233424
0.455 -0.256404
0.46 -0.278992
0.465 -0.301154
0.47 -0.322857
0.475 -0.344066
0.48 -0.364751
0.485 -0.384878
0.49 -0.404418
0.495 -0.42334
0.5 -0.441616
0.505 -0.459218
0.51 -0.476119
0.515 -0.492293
0.52 -0.507715
0.525 -0.522362
0.53 -0.536211
0.535 -0.549241
0.54 -0.561433
0.545 -0.572768
0.55 -0.583228
0.555 -0.592797
0.56 -0.60146
0.565 -0.609205
0.57 -0.61602
0.575 -0.621893
0.58 -0.626817
0.585 -0.630782
0.59 -0.633784
0.595 -0.635817
0.6 -0.636878
0.605 -0.636965
0.61 -0.636078
0.615 -0.634218
0.62 -0.631387
0.625 -0.627589
0.63 -0.622831
0.635 -0.617118
0.64 -0.610458
0.645 -0.602862
0.65 -0.594341
0.655 -0.584905
0.66 -0.57457
0.665 -0.56335
0.67 -0.551261
0.675 -0.53832
0.68 -0.524546
0.685 -0.509958
0.69 -0.494577
0.695 -0.478424
0.7 -0.461522
0.705 -0.443895
0.71 -0.425566
0.715 -0.406562
0.72 -0.386908
0.725 -0.366631
0.73 -0.345758
0.735 -0.324317
0.74 -0.302335
0.745 -0.279843
0.75 -0.256868
0.755 -0.23344
0.76 -0.209589
0.765 -0.185343
0.77 -0.160733
0.775 -0.135789
0.78 -0.110539
0.785 -0.0850121
0.79 -0.059238
0.795 -0.0332449
0.8 -0.0070608
0.805 0.0192869
0.81 0.0457714
0.815 0.0723666
0.82 0.099047
0.825 0.125788
0.83 0.152567
0.835 0.17936
0.84 0.206146
0.845 0.232906
0.85 0.259618
0.855 0.286267
0.86 0.312834
0.865 0.339305
0.87 0.365665
0.875 0.391903
0.88 0.418006
0.885 0.443966
0.89 0.469773
0.895 0.495422
0.9 0.520906
0.905 0.546223
0.91 0.571369
0.915 0.596344
0.92 0.621149
0.925 0.645785
0.93 0.670255
0.935 0.694565
0.94 0.71872
0.945 0.742726
0.95 0.766593
0.955 0.790329
0.96 0.813944
0.965 0.83745
0.97 0.860858
0.975 0.884181
0.98 0.907433
0.985 0.930626
0.99 0.953775
0.995 0.976895
1 1
