0 0
0.005 0.0247354
0.01 0.0494331
0.015 0.0740553
0.02 0.0985644
0.025 0.122923
0.03 0.147094
0.035 0.171041
0.04 0.194726
0.045 0.218114
0.05 0.241169
0.055 0.263856
0.06 0.28614
0.065 0.307987
0.07 0.329364
0.075 0.350239
0.08 0.370578
0.085 0.390352
0.09 0.40953
0.095 0.428083
0.1 0.445982
0.105 0.4632
0.11 0.479712
0.115 0.495491
0.12 0.510513
0.125 0.524756
0.13 0.538198
0.135 0.550818
0.14 0.562598
0.145 0.573519
0.15 0.583564
0.155 0.592718
0.16 0.600967
0.165 0.608299
0.17 0.614702
0.175 0.620167
0.18 0.624685
0.185 0.628249
0.19 0.630855
0.195 0.632497
0.2 0.633173
0.205 0.632883
0.21 0.631627
0.215 0.629407
0.22 0.626226
0.225 0.622088
0.23 0.617001
0.235 0.610972
0.24 0.604011
0.245 0.596127
0.25 0.587333
0.255 0.577643
0.26 0.56707
0.265 0.555632
0.27 0.543346
0.275 0.53023
0.28 0.516305
0.285 0.501592
0.29 0.486112
0.295 0.469891
0.3 0.452953
0.305 0.435322
0.31 0.417028
0.315 0.398096
0.32 0.378557
0.325 0.35844
0.33 0.337776
0.335 0.316596
0.34 0.294933
0.345 0.27282
0.35 0.25029
0.355 0.227378
0.36 0.204119
0.365 0.180548
0.37 0.156702
0.375 0.132616
0.38 0.108328
0.385 0.0838746
0.39 0.0592931
0.395 0.0346212
0.4 0.00989631
0.405 -0.0148436
0.41 -0.0395609
0.415 -0.0642178
0.42 -0.0887766
0.425 -0.1132
0.43 -0.13745
0.435 -0.161491
0.44 -0.185285
0.445 -0.208796
0.45 -0.231989
0.455 -0.254827
0.46 -0.277277
0.465 -0.299302
0.47 -0.320871
0.475 -0.341951
0.48 -0.362508
0.485 -0.382511
0.49 -0.401931
0.495 -0.420737
0.5 -0.438901
0.505 -0.456394
0.51 -0.473191
0.515 -0.489265
0.52 -0.504592
0.525 -0.519149
0.53 -0.532913
0.535 -0.545863
0.54 -0.55798
0.545 -0.569245
0.55 -0.57964
0.555 -0.58915
0.56 -0.59776
0.565 -0.605457
0.57 -0.612229
0.575 -0.618066
0.58 -0.622959
0.585 -0.626899
0.59 -0.629882
0.595 -0.631902
0.6 -0.632955
0.605 -0.633041
0.61 -0.632158
0.615 -0.630308
0.62 -0.627493
0.625 -0.623717
0.63 -0.618986
0.635 -0.613306
0.64 -0.606685
0.645 -0.599133
0.65 -0.590661
0.655 -0.58128
0.66 -0.571005
0.665 -0.559849
0.67 -0.547829
0.675 -0.534962
0.68 -0.521267
0.685 -0.506761
0.69 -0.491467
0.695 -0.475405
0.7 -0.458598
0.705 -0.441069
0.71 -0.422842
0.715 -0.403942
0.72 -0.384395
0.725 -0.364228
0.73 -0.343466
0.735 -0.322138
0.74 -0.300272
0.745 -0.277896
0.75 -0.255039
0.755 -0.23173
0.76 -0.207997
0.765 -0.18387
0.77 -0.159379
0.775 -0.134553
0.78 -0.10942
0.785 -0.084009
0.79 -0.0583493
0.795 -0.0324687
0.8 -0.00639481
0.805 0.0198452
0.81 0.0462247
0.815 0.0727181
0.82 0.0993002
0.825 0.125947
0.83 0.152635
0.835 0.179341
0.84 0.206046
0.845 0.232728
0.85 0.259368
0.855 0.28595
0.86 0.312455
0.865 0.33887
0.87 0.36518
0.875 0.391372
0.88 0.417437
0.885 0.443363
0.89 0.469143
0.895 0.49477
0.9 0.520239
0.905 0.545546
0.91 0.570689
0.915 0.595666
0.92 0.620478
0.925 0.645127
0.93 0.669615
0.935 0.693948
0.94 0.71813
0.945 0.742169
0.95 0.766072
0.955 0.789849
0.96 0.813508
0.965 0.837061
0.97 0.86052
0.975 0.883895
0.98 0.907201
0.985 0.930451
0.99 0.953658
0.995 0.976836
1 1
