0 0
0.005 0.0245833
0.01 0.0491291
0.015 0.0735999
0.02 0.0979583
0.025 0.122167
0.03 0.14619
0.035 0.169989
0.04 0.193529
0.045 0.216773
0.05 0.239686
0.055 0.262233
0.06 0.284381
0.065 0.306094
0.07 0.327339
0.075 0.348085
0.08 0.3683
0.085 0.387952
0.09 0.407012
0.095 0.425451
0.1 0.44324
0.105 0.460352
0.11 0.476762
0.115 0.492444
0.12 0.507374
0.125 0.521529
0.13 0.534889
0.135 0.547432
0.14 0.559139
0.145 0.569992
0.15 0.579975
0.155 0.589073
0.16 0.597272
0.165 0.604559
0.17 0.610922
0.175 0.616354
0.18 0.620844
0.185 0.624386
0.19 0.626976
0.195 0.628608
0.2 0.62928
0.205 0.628992
0.21 0.627743
0.215 0.625537
0.22 0.622375
0.225 0.618263
0.23 0.613207
0.235 0.607215
0.24 0.600297
0.245 0.592461
0.25 0.583722
0.255 0.574091
0.26 0.563583
0.265 0.552216
0.27 0.540005
0.275 0.52697
0.28 0.51313
0.285 0.498507
0.29 0.483123
0.295 0.467002
0.3 0.450167
0.305 0.432646
0.31 0.414464
0.315 0.395649
0.32 0.37623
0.325 0.356236
0.33 0.335699
0.335 0.31465
0.34 0.29312
0.345 0.271142
0.35 0.248751
0.355 0.22598
0.36 0.202864
0.365 0.179438
0.37 0.155738
0.375 0.131801
0.38 0.107662
0.385 0.0833589
0.39 0.0589286
0.395 0.0344083
0.4 0.00983547
0.405 -0.0147524
0.41 -0.0393176
0.415 -0.0638229
0.42 -0.0882307
0.425 -0.112504
0.43 -0.136605
0.435 -0.160498
0.44 -0.184146
0.445 -0.207513
0.45 -0.230562
0.455 -0.25326
0.46 -0.275572
0.465 -0.297462
0.47 -0.318898
0.475 -0.339848
0.48 -0.360279
0.485 -0.380159
0.49 -0.399459
0.495 -0.41815
0.5 -0.436202
0.505 -0.453587
0.51 -0.470281
0.515 -0.486256
0.52 -0.501489
0.525 -0.515956
0.53 -0.529635
0.535 -0.542506
0.54 -0.554548
0.545 -0.565743
0.55 -0.576074
0.555 -0.585525
0.56 -0.594082
0.565 -0.601732
0.57 -0.608462
0.575 -0.614263
0.58 -0.619124
0.585 -0.62304
0.59 -0.626004
0.595 -0.62801
0.6 -0.629056
0.605 -0.62914
0.61 -0.628262
0.615 -0.626421
0.62 -0.623622
0.625 -0.619868
0.63 -0.615164
0.635 -0.609516
0.64 -0.602934
0.645 -0.595425
0.65 -0.587002
0.655 -0.577675
0.66 -0.567459
0.665 -0.556367
0.67 -0.544416
0.675 -0.531623
0.68 -0.518005
0.685 -0.503582
0.69 -0.488374
0.695 -0.472402
0.7 -0.455688
0.705 -0.438256
0.71 -0.42013
0.715 -0.401333
0.72 -0.381892
0.725 -0.361833
0.73 -0.341182
0.735 -0.319967
0.74 -0.298215
0.745 -0.275954
0.75 -0.253213
0.755 -0.230021
0.76 -0.206406
0.765 -0.182397
0.77 -0.158023
0.775 -0.133313
0.78 -0.108296
0.785 -0.0829997
0.79 -0.057453
0.795 -0.0316836
0.8 -0.00571871
0.805 0.0204148
0.81 0.0466906
0.815 0.0730834
0.82 0.0995683
0.825 0.126121
0.83 0.15272
0.835 0.179341
0.84 0.205965
0.845 0.23257
0.85 0.259139
0.855 0.285654
0.86 0.312099
0.865 0.338458
0.87 0.364717
0.875 0.390865
0.88 0.416891
0.885 0.442784
0.89 0.468537
0.895 0.494143
0.9 0.519596
0.905 0.544893
0.91 0.570032
0.915 0.59501
0.92 0.619829
0.925 0.64449
0.93 0.668996
0.935 0.69335
0.94 0.717559
0.945 0.741629
0.95 0.765568
0.955 0.789383
0.96 0.813085
0.965 0.836684
0.97 0.860191
0.975 0.883618
0.98 0.906977
0.985 0.930281
0.99 0.953544
0.995 0.976779
1 1
