0 0
0.005 0.0244322
0.01 0.048827
0.015 0.0731473
0.02 0.097356
0.025 0.121416
0.03 0.145291
0.035 0.168944
0.04 0.192339
0.045 0.21544
0.05 0.238212
0.055 0.260621
0.06 0.282632
0.065 0.304211
0.07 0.325326
0.075 0.345945
0.08 0.366035
0.085 0.385566
0.09 0.404509
0.095 0.422834
0.1 0.440514
0.105 0.457522
0.11 0.47383
0.115 0.489416
0.12 0.504254
0.125 0.518323
0.13 0.5316
0.135 0.544065
0.14 0.5557
0.145 0.566487
0.15 0.576409
0.155 0.585451
0.16 0.593599
0.165 0.600841
0.17 0.607166
0.175 0.612564
0.18 0.617026
0.185 0.620547
0.19 0.62312
0.195 0.624742
0.2 0.625411
0.205 0.625124
0.21 0.623884
0.215 0.62169
0.22 0.618548
0.225 0.614461
0.23 0.609437
0.235 0.603482
0.24 0.596605
0.245 0.588818
0.25 0.580132
0.255 0.570561
0.26 0.560118
0.265 0.54882
0.27 0.536684
0.275 0.52373
0.28 0.509975
0.285 0.495442
0.29 0.480153
0.295 0.46413
0.3 0.447399
0.305 0.429985
0.31 0.411915
0.315 0.393216
0.32 0.373916
0.325 0.354046
0.33 0.333635
0.335 0.312715
0.34 0.291317
0.345 0.269475
0.35 0.247221
0.355 0.22459
0.36 0.201616
0.365 0.178335
0.37 0.154781
0.375 0.13099
0.38 0.107
0.385 0.0828463
0.39 0.0585662
0.395 0.0341967
0.4 0.009775
0.405 -0.0146616
0.41 -0.0390759
0.415 -0.0634305
0.42 -0.0876882
0.425 -0.111812
0.43 -0.135765
0.435 -0.159511
0.44 -0.183014
0.445 -0.206237
0.45 -0.229145
0.455 -0.251703
0.46 -0.273877
0.465 -0.295633
0.47 -0.316937
0.475 -0.337758
0.48 -0.358063
0.485 -0.377821
0.49 -0.397003
0.495 -0.415578
0.5 -0.433519
0.505 -0.450798
0.51 -0.467389
0.515 -0.483266
0.52 -0.498405
0.525 -0.512783
0.53 -0.526378
0.535 -0.539169
0.54 -0.551137
0.545 -0.562263
0.55 -0.57253
0.555 -0.581923
0.56 -0.590427
0.565 -0.598029
0.57 -0.604717
0.575 -0.610482
0.58 -0.615313
0.585 -0.619204
0.59 -0.622149
0.595 -0.624142
0.6 -0.625181
0.605 -0.625263
0.61 -0.624388
0.615 -0.622558
0.62 -0.619775
0.625 -0.616041
0.63 -0.611364
0.635 -0.605749
0.64 -0.599204
0.645 -0.591739
0.65 -0.583363
0.655 -0.57409
0.66 -0.563933
0.665 -0.552904
0.67 -0.541022
0.675 -0.528301
0.68 -0.51476
0.685 -0.500418
0.69 -0.485296
0.695 -0.469413
0.7 -0.452792
0.705 -0.435456
0.71 -0.417429
0.715 -0.398735
0.72 -0.379399
0.725 -0.359447
0.73 -0.338906
0.735 -0.317802
0.74 -0.296162
0.745 -0.274016
0.75 -0.25139
0.755 -0.228314
0.76 -0.204815
0.765 -0.180922
0.77 -0.156664
0.775 -0.13207
0.78 -0.107167
0.785 -0.0819841
0.79 -0.0565492
0.795 -0.0308897
0.8 -0.00503258
0.805 0.0209956
0.81 0.047169
0.815 0.0734623
0.82 0.0998511
0.825 0.126312
0.83 0.152821
0.835 0.179358
0.84 0.205902
0.845 0.232432
0.85 0.258931
0.855 0.28538
0.86 0.311764
0.865 0.338068
0.87 0.364278
0.875 0.390381
0.88 0.416368
0.885 0.442229
0.89 0.467954
0.895 0.493539
0.9 0.518976
0.905 0.544263
0.91 0.569397
0.915 0.594376
0.92 0.619201
0.925 0.643873
0.93 0.668395
0.935 0.692771
0.94 0.717006
0.945 0.741106
0.95 0.765078
0.955 0.788932
0.96 0.812675
0.965 0.836318
0.97 0.859872
0.975 0.883348
0.98 0.906759
0.985 0.930116
0.99 0.953433
0.995 0.976723
1 1
