0 0
0.005 0.0242819
0.01 0.0485268
0.015 0.0726976
0.02 0.0967574
0.025 0.120669
0.03 0.144397
0.035 0.167905
0.04 0.191156
0.045 0.214115
0.05 0.236748
0.055 0.259019
0.06 0.280894
0.065 0.302341
0.07 0.323326
0.075 0.343818
0.08 0.363784
0.085 0.383196
0.09 0.402022
0.095 0.420235
0.1 0.437806
0.105 0.454708
0.11 0.470917
0.115 0.486406
0.12 0.501153
0.125 0.515135
0.13 0.528331
0.135 0.54072
0.14 0.552284
0.145 0.563004
0.15 0.572865
0.155 0.581851
0.16 0.589949
0.165 0.597147
0.17 0.603432
0.175 0.608797
0.18 0.613232
0.185 0.616731
0.19 0.619289
0.195 0.620901
0.2 0.621565
0.205 0.62128
0.21 0.620047
0.215 0.617868
0.22 0.614745
0.225 0.610683
0.23 0.605689
0.235 0.599771
0.24 0.592937
0.245 0.585198
0.25 0.576565
0.255 0.567052
0.26 0.556674
0.265 0.545445
0.27 0.533384
0.275 0.520509
0.28 0.506839
0.285 0.492396
0.29 0.4772
0.295 0.461276
0.3 0.444648
0.305 0.427341
0.31 0.409382
0.315 0.390798
0.32 0.371617
0.325 0.351869
0.33 0.331584
0.335 0.310792
0.34 0.289526
0.345 0.267818
0.35 0.245701
0.355 0.223209
0.36 0.200377
0.365 0.177238
0.37 0.153829
0.375 0.130185
0.38 0.106342
0.385 0.0823369
0.39 0.0582061
0.395 0.0339864
0.4 0.0097149
0.405 -0.0145715
0.41 -0.0388356
0.415 -0.0630404
0.42 -0.087149
0.425 -0.111125
0.43 -0.13493
0.435 -0.15853
0.44 -0.181888
0.445 -0.204968
0.45 -0.227736
0.455 -0.250155
0.46 -0.272193
0.465 -0.293815
0.47 -0.314988
0.475 -0.335681
0.48 -0.355861
0.485 -0.375498
0.49 -0.394561
0.495 -0.413023
0.5 -0.430853
0.505 -0.448026
0.51 -0.464514
0.515 -0.480293
0.52 -0.495339
0.525 -0.509629
0.53 -0.52314
0.535 -0.535852
0.54 -0.547746
0.545 -0.558804
0.55 -0.569008
0.555 -0.578343
0.56 -0.586794
0.565 -0.594349
0.57 -0.600996
0.575 -0.606724
0.58 -0.611525
0.585 -0.615392
0.59 -0.618317
0.595 -0.620297
0.6 -0.621328
0.605 -0.621409
0.61 -0.620538
0.615 -0.618718
0.62 -0.61595
0.625 -0.612237
0.63 -0.607587
0.635 -0.602003
0.64 -0.595496
0.645 -0.588073
0.65 -0.579746
0.655 -0.570526
0.66 -0.560426
0.665 -0.549461
0.67 -0.537645
0.675 -0.524997
0.68 -0.511532
0.685 -0.497271
0.69 -0.482233
0.695 -0.466438
0.7 -0.44991
0.705 -0.432669
0.71 -0.41474
0.715 -0.396147
0.72 -0.376915
0.725 -0.35707
0.73 -0.336636
0.735 -0.315643
0.74 -0.294115
0.745 -0.272082
0.75 -0.24957
0.755 -0.226608
0.76 -0.203224
0.765 -0.179446
0.77 -0.155303
0.775 -0.130823
0.78 -0.106033
0.785 -0.0809624
0.79 -0.055638
0.795 -0.0300871
0.8 -0.00433652
0.805 0.0215876
0.81 0.0476596
0.815 0.0738546
0.82 0.100148
0.825 0.126518
0.83 0.15294
0.835 0.179393
0.84 0.205858
0.845 0.232313
0.85 0.258742
0.855 0.285126
0.86 0.31145
0.865 0.337699
0.87 0.36386
0.875 0.38992
0.88 0.415868
0.885 0.441696
0.89 0.467394
0.895 0.492957
0.9 0.518379
0.905 0.543655
0.91 0.568784
0.915 0.593763
0.92 0.618594
0.925 0.643277
0.93 0.667814
0.935 0.69221
0.94 0.71647
0.945 0.740599
0.95 0.764604
0.955 0.788494
0.96 0.812277
0.965 0.835963
0.97 0.859562
0.975 0.883087
0.98 0.906547
0.985 0.929956
0.99 0.953326
0.995 0.976669
1 1
