0 0
0.005 0.0241326
0.01 0.0482284
0.015 0.0722506
0.02 0.0961624
0.025 0.119927
0.03 0.143509
0.035 0.166872
0.04 0.18998
0.045 0.212799
0.05 0.235292
0.055 0.257426
0.06 0.279167
0.065 0.300482
0.07 0.321338
0.075 0.341703
0.08 0.361547
0.085 0.380839
0.09 0.39955
0.095 0.417651
0.1 0.435114
0.105 0.451912
0.11 0.468021
0.115 0.483416
0.12 0.498072
0.125 0.511968
0.13 0.525082
0.135 0.537395
0.14 0.548888
0.145 0.559542
0.15 0.569342
0.155 0.578273
0.16 0.586322
0.165 0.593475
0.17 0.599722
0.175 0.605054
0.18 0.609462
0.185 0.612939
0.19 0.615481
0.195 0.617083
0.2 0.617743
0.205 0.61746
0.21 0.616235
0.215 0.614068
0.22 0.610965
0.225 0.606928
0.23 0.601965
0.235 0.596083
0.24 0.589291
0.245 0.581599
0.25 0.57302
0.255 0.563565
0.26 0.553251
0.265 0.542092
0.27 0.530105
0.275 0.517309
0.28 0.503723
0.285 0.489368
0.29 0.474266
0.295 0.45844
0.3 0.441914
0.305 0.424714
0.31 0.406865
0.315 0.388395
0.32 0.369332
0.325 0.349705
0.33 0.329545
0.335 0.308881
0.34 0.287746
0.345 0.266171
0.35 0.24419
0.355 0.221837
0.36 0.199144
0.365 0.176148
0.37 0.152883
0.375 0.129384
0.38 0.105688
0.385 0.0818306
0.39 0.0578482
0.395 0.0337775
0.4 0.00965518
0.405 -0.0144819
0.41 -0.0385968
0.415 -0.0626528
0.42 -0.0866131
0.425 -0.110441
0.43 -0.134101
0.435 -0.157555
0.44 -0.18077
0.445 -0.203708
0.45 -0.226335
0.455 -0.248617
0.46 -0.270519
0.465 -0.292008
0.47 -0.313051
0.475 -0.333617
0.48 -0.353673
0.485 -0.373189
0.49 -0.392135
0.495 -0.410483
0.5 -0.428203
0.505 -0.44527
0.51 -0.461657
0.515 -0.47734
0.52 -0.492293
0.525 -0.506494
0.53 -0.519922
0.535 -0.532556
0.54 -0.544377
0.545 -0.555366
0.55 -0.565507
0.555 -0.574784
0.56 -0.583183
0.565 -0.590691
0.57 -0.597297
0.575 -0.602989
0.58 -0.60776
0.585 -0.611602
0.59 -0.614508
0.595 -0.616475
0.6 -0.617499
0.605 -0.617578
0.61 -0.616711
0.615 -0.6149
0.62 -0.612147
0.625 -0.608456
0.63 -0.603831
0.635 -0.59828
0.64 -0.591809
0.645 -0.584429
0.65 -0.576149
0.655 -0.566981
0.66 -0.556939
0.665 -0.546036
0.67 -0.534287
0.675 -0.52171
0.68 -0.508321
0.685 -0.49414
0.69 -0.479185
0.695 -0.463478
0.7 -0.447041
0.705 -0.429894
0.71 -0.412063
0.715 -0.39357
0.72 -0.374441
0.725 -0.354701
0.73 -0.334375
0.735 -0.31349
0.74 -0.292073
0.745 -0.270151
0.75 -0.247752
0.755 -0.224904
0.76 -0.201633
0.765 -0.177969
0.77 -0.15394
0.775 -0.129572
0.78 -0.104894
0.785 -0.0799345
0.79 -0.0547194
0.795 -0.0292759
0.8 -0.00363063
0.805 0.0221906
0.81 0.0481625
0.815 0.0742603
0.82 0.10046
0.825 0.126739
0.83 0.153075
0.835 0.179445
0.84 0.205831
0.845 0.232213
0.85 0.258573
0.855 0.284893
0.86 0.311157
0.865 0.337352
0.87 0.363464
0.875 0.38948
0.88 0.415391
0.885 0.441185
0.89 0.466857
0.895 0.492398
0.9 0.517803
0.905 0.543069
0.91 0.568192
0.915 0.593171
0.92 0.618007
0.925 0.6427
0.93 0.667252
0.935 0.691667
0.94 0.71595
0.945 0.740107
0.95 0.764144
0.955 0.788069
0.96 0.811891
0.965 0.835619
0.97 0.859262
0.975 0.882833
0.98 0.906342
0.985 0.929801
0.99 0.953222
0.995 0.976617
1 1
