0 0
0.005 0.0373931
0.01 0.0747291
0.015 0.111951
0.02 0.149002
0.025 0.185826
0.03 0.222365
0.035 0.258566
0.04 0.294372
0.045 0.329728
0.05 0.364581
0.055 0.398877
0.06 0.432564
0.065 0.465591
0.07 0.497908
0.075 0.529464
0.08 0.560212
0.085 0.590104
0.09 0.619096
0.095 0.647142
0.1 0.674201
0.105 0.700231
0.11 0.725191
0.115 0.749044
0.12 0.771754
0.125 0.793286
0.13 0.813606
0.135 0.832685
0.14 0.850492
0.145 0.867001
0.15 0.882186
0.155 0.896025
0.16 0.908496
0.165 0.919579
0.17 0.929259
0.175 0.93752
0.18 0.94435
0.185 0.949739
0.19 0.953677
0.195 0.95616
0.2 0.957183
0.205 0.956744
0.21 0.954845
0.215 0.951489
0.22 0.946679
0.225 0.940425
0.23 0.932735
0.235 0.923621
0.24 0.913096
0.245 0.901178
0.25 0.887885
0.255 0.873235
0.26 0.857253
0.265 0.839962
0.27 0.821388
0.275 0.801561
0.28 0.78051
0.285 0.758267
0.29 0.734867
0.295 0.710345
0.3 0.684739
0.305 0.658087
0.31 0.63043
0.315 0.601811
0.32 0.572274
0.325 0.541863
0.33 0.510624
0.335 0.478606
0.34 0.445857
0.345 0.412428
0.35 0.378369
0.355 0.343732
0.36 0.308571
0.365 0.272939
0.37 0.236889
0.375 0.200479
0.38 0.163762
0.385 0.126795
0.39 0.0896348
0.395 0.0523375
0.4 0.0149604
0.405 -0.0224395
0.41 -0.0598052
0.415 -0.0970796
0.42 -0.134206
0.425 -0.171127
0.43 -0.207787
0.435 -0.24413
0.44 -0.2801
0.445 -0.315643
0.45 -0.350703
0.455 -0.385229
0.46 -0.419166
0.465 -0.452463
0.47 -0.48507
0.475 -0.516936
0.48 -0.548012
0.485 -0.578253
0.49 -0.60761
0.495 -0.63604
0.5 -0.663499
0.505 -0.689945
0.51 -0.715338
0.515 -0.739638
0.52 -0.76281
0.525 -0.784817
0.53 -0.805625
0.535 -0.825204
0.54 -0.843523
0.545 -0.860555
0.55 -0.876273
0.555 -0.890652
0.56 -0.903673
0.565 -0.915313
0.57 -0.925557
0.575 -0.934387
0.58 -0.941791
0.585 -0.947757
0.59 -0.952276
0.595 -0.955342
0.6 -0.956949
0.605 -0.957095
0.61 -0.95578
0.615 -0.953006
0.62 -0.948777
0.625 -0.9431
0.63 -0.935982
0.635 -0.927436
0.64 -0.917474
0.645 -0.906112
0.65 -0.893366
0.655 -0.879256
0.66 -0.863804
0.665 -0.847034
0.67 -0.82897
0.675 -0.809641
0.68 -0.789075
0.685 -0.767305
0.69 -0.744364
0.695 -0.720286
0.7 -0.695109
0.705 -0.66887
0.71 -0.641611
0.715 -0.613372
0.72 -0.584196
0.725 -0.554129
0.73 -0.523216
0.735 -0.491504
0.74 -0.459041
0.745 -0.425878
0.75 -0.392065
0.755 -0.357653
0.76 -0.322695
0.765 -0.287245
0.77 -0.251356
0.775 -0.215083
0.78 -0.178482
0.785 -0.141608
0.79 -0.104519
0.795 -0.0672692
0.8 -0.0299172
0.805 0.00748045
0.81 0.0448667
0.815 0.0821844
0.82 0.119377
0.825 0.156387
0.83 0.193158
0.835 0.229635
0.84 0.26576
0.845 0.301481
0.85 0.336741
0.855 0.371487
0.86 0.405666
0.865 0.439227
0.87 0.472117
0.875 0.504288
0.88 0.535691
0.885 0.566278
0.89 0.596006
0.895 0.624829
0.9 0.652708
0.905 0.679605
0.91 0.705484
0.915 0.730314
0.92 0.75407
0.925 0.77673
0.93 0.798281
0.935 0.818715
0.94 0.838036
0.945 0.856255
0.95 0.873396
0.955 0.889494
0.96 0.904599
0.965 0.918773
0.97 0.932094
0.975 0.944651
0.98 0.956548
0.985 0.967902
0.99 0.978837
0.995 0.98949
1 1
