0 0
0.005 0.0239842
0.01 0.0479319
0.015 0.0718063
0.02 0.0955711
0.025 0.11919
0.03 0.142627
0.035 0.165846
0.04 0.188812
0.045 0.21149
0.05 0.233845
0.055 0.255843
0.06 0.27745
0.065 0.298634
0.07 0.319362
0.075 0.339602
0.08 0.359324
0.085 0.378498
0.09 0.397093
0.095 0.415082
0.1 0.432438
0.105 0.449134
0.11 0.465143
0.115 0.480443
0.12 0.495009
0.125 0.50882
0.13 0.521854
0.135 0.534091
0.14 0.545512
0.145 0.556101
0.15 0.565841
0.155 0.574718
0.16 0.582716
0.165 0.589826
0.17 0.596034
0.175 0.601333
0.18 0.605714
0.185 0.60917
0.19 0.611696
0.195 0.613289
0.2 0.613945
0.205 0.613664
0.21 0.612445
0.215 0.610292
0.22 0.607208
0.225 0.603196
0.23 0.598264
0.235 0.592418
0.24 0.585667
0.245 0.578023
0.25 0.569496
0.255 0.5601
0.26 0.549849
0.265 0.538758
0.27 0.526845
0.275 0.514128
0.28 0.500625
0.285 0.486359
0.29 0.47135
0.295 0.455621
0.3 0.439197
0.305 0.422102
0.31 0.404363
0.315 0.386007
0.32 0.367061
0.325 0.347555
0.33 0.327518
0.335 0.306982
0.34 0.285976
0.345 0.264535
0.35 0.242689
0.355 0.220473
0.36 0.19792
0.365 0.175065
0.37 0.151943
0.375 0.128589
0.38 0.105038
0.385 0.0813275
0.39 0.0574925
0.395 0.0335698
0.4 0.00959582
0.405 -0.0143928
0.41 -0.0383594
0.415 -0.0622675
0.42 -0.0860805
0.425 -0.109762
0.43 -0.133276
0.435 -0.156587
0.44 -0.179658
0.445 -0.202455
0.45 -0.224943
0.455 -0.247088
0.46 -0.268856
0.465 -0.290212
0.47 -0.311126
0.475 -0.331565
0.48 -0.351498
0.485 -0.370894
0.49 -0.389724
0.495 -0.407958
0.5 -0.42557
0.505 -0.442532
0.51 -0.458818
0.515 -0.474404
0.52 -0.489265
0.525 -0.503379
0.53 -0.516724
0.535 -0.52928
0.54 -0.541028
0.545 -0.551949
0.55 -0.562028
0.555 -0.571247
0.56 -0.579594
0.565 -0.587056
0.57 -0.59362
0.575 -0.599277
0.58 -0.604018
0.585 -0.607835
0.59 -0.610723
0.595 -0.612676
0.6 -0.613693
0.605 -0.61377
0.61 -0.612907
0.615 -0.611105
0.62 -0.608367
0.625 -0.604696
0.63 -0.600098
0.635 -0.594577
0.64 -0.588144
0.645 -0.580805
0.65 -0.572572
0.655 -0.563457
0.66 -0.553471
0.665 -0.54263
0.67 -0.530947
0.675 -0.518441
0.68 -0.505127
0.685 -0.491024
0.69 -0.476153
0.695 -0.460533
0.7 -0.444185
0.705 -0.427132
0.71 -0.409397
0.715 -0.391004
0.72 -0.371976
0.725 -0.35234
0.73 -0.33212
0.735 -0.311343
0.74 -0.290036
0.745 -0.268225
0.75 -0.245937
0.755 -0.223201
0.76 -0.200043
0.765 -0.176491
0.77 -0.152574
0.775 -0.128318
0.78 -0.103751
0.785 -0.0789005
0.79 -0.0537934
0.795 -0.0284562
0.8 -0.00291501
0.805 0.0228045
0.81 0.0486773
0.815 0.0746791
0.82 0.100786
0.825 0.126976
0.83 0.153226
0.835 0.179515
0.84 0.205823
0.845 0.232132
0.85 0.258423
0.855 0.284679
0.86 0.310885
0.865 0.337026
0.87 0.36309
0.875 0.389063
0.88 0.414935
0.885 0.440697
0.89 0.466341
0.895 0.49186
0.9 0.517249
0.905 0.542504
0.91 0.567621
0.915 0.5926
0.92 0.61744
0.925 0.642142
0.93 0.666708
0.935 0.691142
0.94 0.715448
0.945 0.739631
0.95 0.763699
0.955 0.787658
0.96 0.811517
0.965 0.835285
0.97 0.858971
0.975 0.882587
0.98 0.906143
0.985 0.92965
0.99 0.953121
0.995 0.976566
1 1
