0 0
0.005 0.0238368
0.01 0.0476371
0.015 0.0713648
0.02 0.0949835
0.025 0.118457
0.03 0.14175
0.035 0.164826
0.04 0.187651
0.045 0.21019
0.05 0.232407
0.055 0.25427
0.06 0.275744
0.065 0.296798
0.07 0.317398
0.075 0.337514
0.08 0.357115
0.085 0.37617
0.09 0.394651
0.095 0.41253
0.1 0.429779
0.105 0.446372
0.11 0.462283
0.115 0.477489
0.12 0.491966
0.125 0.505691
0.13 0.518645
0.135 0.530807
0.14 0.542158
0.145 0.552682
0.15 0.562362
0.155 0.571184
0.16 0.579133
0.165 0.586199
0.17 0.592369
0.175 0.597636
0.18 0.60199
0.185 0.605424
0.19 0.607935
0.195 0.609518
0.2 0.61017
0.205 0.60989
0.21 0.60868
0.215 0.60654
0.22 0.603474
0.225 0.599487
0.23 0.594585
0.235 0.588775
0.24 0.582066
0.245 0.574469
0.25 0.565995
0.255 0.556656
0.26 0.546468
0.265 0.535445
0.27 0.523606
0.275 0.510966
0.28 0.497547
0.285 0.483368
0.29 0.468451
0.295 0.45282
0.3 0.436496
0.305 0.419507
0.31 0.401877
0.315 0.383633
0.32 0.364804
0.325 0.345418
0.33 0.325504
0.335 0.305094
0.34 0.284218
0.345 0.262908
0.35 0.241197
0.355 0.219117
0.36 0.196703
0.365 0.173989
0.37 0.151009
0.375 0.127798
0.38 0.104392
0.385 0.0808274
0.39 0.057139
0.395 0.0333634
0.4 0.00953683
0.405 -0.0143043
0.41 -0.0381235
0.415 -0.0618846
0.42 -0.0855512
0.425 -0.109087
0.43 -0.132457
0.435 -0.155624
0.44 -0.178553
0.445 -0.20121
0.45 -0.22356
0.455 -0.245569
0.46 -0.267202
0.465 -0.288428
0.47 -0.309213
0.475 -0.329526
0.48 -0.349336
0.485 -0.368613
0.49 -0.387327
0.495 -0.405449
0.5 -0.422953
0.505 -0.43981
0.51 -0.455996
0.515 -0.471486
0.52 -0.486255
0.525 -0.500282
0.53 -0.513545
0.535 -0.526024
0.54 -0.537699
0.545 -0.548553
0.55 -0.558569
0.555 -0.567732
0.56 -0.576027
0.565 -0.583442
0.57 -0.589965
0.575 -0.595587
0.58 -0.600298
0.585 -0.604091
0.59 -0.60696
0.595 -0.6089
0.6 -0.609909
0.605 -0.609984
0.61 -0.609125
0.615 -0.607333
0.62 -0.604609
0.625 -0.600959
0.63 -0.596386
0.635 -0.590897
0.64 -0.584499
0.645 -0.577202
0.65 -0.569016
0.655 -0.559952
0.66 -0.550022
0.665 -0.539242
0.67 -0.527625
0.675 -0.515189
0.68 -0.501949
0.685 -0.487925
0.69 -0.473135
0.695 -0.457601
0.7 -0.441342
0.705 -0.424382
0.71 -0.406743
0.715 -0.388447
0.72 -0.369521
0.725 -0.349987
0.73 -0.329873
0.735 -0.309203
0.74 -0.288003
0.745 -0.266302
0.75 -0.244124
0.755 -0.221499
0.76 -0.198452
0.765 -0.175012
0.77 -0.151205
0.775 -0.12706
0.78 -0.102603
0.785 -0.0778605
0.79 -0.0528602
0.795 -0.027628
0.8 -0.00218976
0.805 0.0234292
0.81 0.0492041
0.815 0.0751108
0.82 0.101126
0.825 0.127227
0.83 0.153392
0.835 0.179601
0.84 0.205833
0.845 0.232069
0.85 0.258292
0.855 0.284486
0.86 0.310633
0.865 0.336721
0.87 0.362736
0.875 0.388666
0.88 0.414501
0.885 0.44023
0.89 0.465847
0.895 0.491345
0.9 0.516717
0.905 0.54196
0.91 0.567071
0.915 0.592049
0.92 0.616892
0.925 0.641603
0.93 0.666182
0.935 0.690633
0.94 0.714961
0.945 0.73917
0.95 0.763268
0.955 0.78726
0.96 0.811155
0.965 0.834961
0.97 0.858689
0.975 0.882349
0.98 0.90595
0.985 0.929504
0.99 0.953023
0.995 0.976517
1 1
