0 0
0.005 0.0236902
0.01 0.0473442
0.015 0.0709259
0.02 0.0943994
0.025 0.117729
0.03 0.140878
0.035 0.163813
0.04 0.186497
0.045 0.208897
0.05 0.230978
0.055 0.252706
0.06 0.274049
0.065 0.294973
0.07 0.315447
0.075 0.335439
0.08 0.354919
0.085 0.373857
0.09 0.392225
0.095 0.409993
0.1 0.427136
0.105 0.443627
0.11 0.459441
0.115 0.474553
0.12 0.48894
0.125 0.502582
0.13 0.515456
0.135 0.527543
0.14 0.538824
0.145 0.549284
0.15 0.558904
0.155 0.567672
0.16 0.575572
0.165 0.582594
0.17 0.588727
0.175 0.593961
0.18 0.598288
0.185 0.601702
0.19 0.604197
0.195 0.60577
0.2 0.606418
0.205 0.60614
0.21 0.604937
0.215 0.60281
0.22 0.599763
0.225 0.595801
0.23 0.590929
0.235 0.585155
0.24 0.578487
0.245 0.570937
0.25 0.562514
0.255 0.553233
0.26 0.543108
0.265 0.532153
0.27 0.520386
0.275 0.507824
0.28 0.494488
0.285 0.480396
0.29 0.465571
0.295 0.450035
0.3 0.433812
0.305 0.416927
0.31 0.399406
0.315 0.381274
0.32 0.362561
0.325 0.343294
0.33 0.323503
0.335 0.303218
0.34 0.28247
0.345 0.261291
0.35 0.239714
0.355 0.21777
0.36 0.195493
0.365 0.172919
0.37 0.15008
0.375 0.127012
0.38 0.10375
0.385 0.0803304
0.39 0.0567877
0.395 0.0331582
0.4 0.00947821
0.405 -0.0142163
0.41 -0.0378891
0.415 -0.061504
0.42 -0.0850251
0.425 -0.108416
0.43 -0.131642
0.435 -0.154667
0.44 -0.177455
0.445 -0.199973
0.45 -0.222185
0.455 -0.244059
0.46 -0.265559
0.465 -0.286654
0.47 -0.307312
0.475 -0.3275
0.48 -0.347188
0.485 -0.366346
0.49 -0.384945
0.495 -0.402956
0.5 -0.420351
0.505 -0.437105
0.51 -0.453191
0.515 -0.468586
0.52 -0.483264
0.525 -0.497205
0.53 -0.510386
0.535 -0.522788
0.54 -0.534391
0.545 -0.545178
0.55 -0.555132
0.555 -0.564238
0.56 -0.572482
0.565 -0.57985
0.57 -0.586333
0.575 -0.591919
0.58 -0.5966
0.585 -0.600369
0.59 -0.60322
0.595 -0.605147
0.6 -0.606148
0.605 -0.606221
0.61 -0.605366
0.615 -0.603583
0.62 -0.600874
0.625 -0.597243
0.63 -0.592695
0.635 -0.587237
0.64 -0.580875
0.645 -0.573619
0.65 -0.565479
0.655 -0.556466
0.66 -0.546593
0.665 -0.535873
0.67 -0.524321
0.675 -0.511953
0.68 -0.498787
0.685 -0.484841
0.69 -0.470133
0.695 -0.454683
0.7 -0.438513
0.705 -0.421644
0.71 -0.404099
0.715 -0.385901
0.72 -0.367074
0.725 -0.347643
0.73 -0.327632
0.735 -0.307068
0.74 -0.285976
0.745 -0.264382
0.75 -0.242314
0.755 -0.219798
0.76 -0.196862
0.765 -0.173532
0.77 -0.149835
0.775 -0.125799
0.78 -0.10145
0.785 -0.0768145
0.79 -0.0519198
0.795 -0.0267915
0.8 -0.001455
0.805 0.0240645
0.81 0.0497426
0.815 0.0755554
0.82 0.10148
0.825 0.127494
0.83 0.153575
0.835 0.179704
0.84 0.20586
0.845 0.232025
0.85 0.258181
0.855 0.284311
0.86 0.310401
0.865 0.336436
0.87 0.362403
0.875 0.388291
0.88 0.414088
0.885 0.439785
0.89 0.465375
0.895 0.49085
0.9 0.516205
0.905 0.541437
0.91 0.566541
0.915 0.591517
0.92 0.616364
0.925 0.641082
0.93 0.665674
0.935 0.690142
0.94 0.71449
0.945 0.738724
0.95 0.76285
0.955 0.786874
0.96 0.810804
0.965 0.834648
0.97 0.858416
0.975 0.882118
0.98 0.905763
0.985 0.929362
0.99 0.952928
0.995 0.97647
1 1
