0 0
0.005 0.0235445
0.01 0.0470531
0.015 0.0704898
0.02 0.093819
0.025 0.117005
0.03 0.140012
0.035 0.162806
0.04 0.185351
0.045 0.207613
0.05 0.229558
0.055 0.251152
0.06 0.272364
0.065 0.293159
0.07 0.313507
0.075 0.333376
0.08 0.352737
0.085 0.371558
0.09 0.389813
0.095 0.407472
0.1 0.42451
0.105 0.440899
0.11 0.456616
0.115 0.471635
0.12 0.485934
0.125 0.499491
0.13 0.512286
0.135 0.524299
0.14 0.535511
0.145 0.545906
0.15 0.555468
0.155 0.564181
0.16 0.572033
0.165 0.579012
0.17 0.585107
0.175 0.590309
0.18 0.594609
0.185 0.598002
0.19 0.600482
0.195 0.602045
0.2 0.602689
0.205 0.602413
0.21 0.601217
0.215 0.599104
0.22 0.596075
0.225 0.592137
0.23 0.587295
0.235 0.581557
0.24 0.57493
0.245 0.567426
0.25 0.559055
0.255 0.549832
0.26 0.539768
0.265 0.528881
0.27 0.517186
0.275 0.504702
0.28 0.491447
0.285 0.477442
0.29 0.462708
0.295 0.447268
0.3 0.431145
0.305 0.414364
0.31 0.39695
0.315 0.37893
0.32 0.360332
0.325 0.341183
0.33 0.321514
0.335 0.301354
0.34 0.280733
0.345 0.259685
0.35 0.23824
0.355 0.216431
0.36 0.194291
0.365 0.171855
0.37 0.149157
0.375 0.126231
0.38 0.103113
0.385 0.0798365
0.39 0.0564385
0.395 0.0329544
0.4 0.00941994
0.405 -0.0141289
0.41 -0.0376561
0.415 -0.0611258
0.42 -0.0845022
0.425 -0.10775
0.43 -0.130833
0.435 -0.153716
0.44 -0.176364
0.445 -0.198743
0.45 -0.220819
0.455 -0.242558
0.46 -0.263926
0.465 -0.284891
0.47 -0.305422
0.475 -0.325486
0.48 -0.345053
0.485 -0.364093
0.49 -0.382577
0.495 -0.400477
0.5 -0.417766
0.505 -0.434417
0.51 -0.450404
0.515 -0.465703
0.52 -0.480292
0.525 -0.494146
0.53 -0.507246
0.535 -0.519572
0.54 -0.531103
0.545 -0.541823
0.55 -0.551716
0.555 -0.560765
0.56 -0.568958
0.565 -0.576281
0.57 -0.582723
0.575 -0.588274
0.58 -0.592925
0.585 -0.59667
0.59 -0.599502
0.595 -0.601416
0.6 -0.60241
0.605 -0.602481
0.61 -0.601629
0.615 -0.599854
0.62 -0.59716
0.625 -0.593549
0.63 -0.589026
0.635 -0.583598
0.64 -0.577272
0.645 -0.570057
0.65 -0.561962
0.655 -0.553
0.66 -0.543182
0.665 -0.532521
0.67 -0.521034
0.675 -0.508735
0.68 -0.495642
0.685 -0.481772
0.69 -0.467144
0.695 -0.451779
0.7 -0.435696
0.705 -0.418918
0.71 -0.401467
0.715 -0.383365
0.72 -0.364637
0.725 -0.345306
0.73 -0.325398
0.735 -0.304939
0.74 -0.283953
0.745 -0.262466
0.75 -0.240506
0.755 -0.218099
0.76 -0.195271
0.765 -0.17205
0.77 -0.148462
0.775 -0.124534
0.78 -0.100292
0.785 -0.0757625
0.79 -0.0509723
0.795 -0.0259466
0.8 -0.000710821
0.805 0.0247103
0.81 0.0502927
0.815 0.0760126
0.82 0.101847
0.825 0.127774
0.83 0.153773
0.835 0.179823
0.84 0.205904
0.845 0.231998
0.85 0.258087
0.855 0.284156
0.86 0.310189
0.865 0.336172
0.87 0.362091
0.875 0.387936
0.88 0.413695
0.885 0.43936
0.89 0.464923
0.895 0.490376
0.9 0.515714
0.905 0.540934
0.91 0.566031
0.915 0.591005
0.92 0.615854
0.925 0.64058
0.93 0.665183
0.935 0.689667
0.94 0.714035
0.945 0.738293
0.95 0.762446
0.955 0.7865
0.96 0.810464
0.965 0.834345
0.97 0.858151
0.975 0.881894
0.98 0.905582
0.985 0.929225
0.99 0.952836
0.995 0.976423
1 1
