0 0
0.005 0.0233997
0.01 0.0467638
0.015 0.0700564
0.02 0.0932421
0.025 0.116285
0.03 0.139151
0.035 0.161805
0.04 0.184211
0.045 0.206336
0.05 0.228146
0.055 0.249608
0.06 0.270689
0.065 0.291356
0.07 0.311579
0.075 0.331326
0.08 0.350568
0.085 0.369274
0.09 0.387416
0.095 0.404967
0.1 0.4219
0.105 0.438188
0.11 0.453808
0.115 0.468735
0.12 0.482946
0.125 0.49642
0.13 0.509136
0.135 0.521075
0.14 0.532218
0.145 0.542549
0.15 0.552052
0.155 0.560712
0.16 0.568516
0.165 0.575452
0.17 0.581509
0.175 0.586679
0.18 0.590953
0.185 0.594325
0.19 0.596789
0.195 0.598343
0.2 0.598983
0.205 0.598709
0.21 0.59752
0.215 0.59542
0.22 0.59241
0.225 0.588496
0.23 0.583684
0.235 0.577981
0.24 0.571395
0.245 0.563937
0.25 0.555618
0.255 0.546451
0.26 0.536449
0.265 0.525629
0.27 0.514006
0.275 0.501599
0.28 0.488425
0.285 0.474506
0.29 0.459863
0.295 0.444518
0.3 0.428494
0.305 0.411816
0.31 0.394509
0.315 0.3766
0.32 0.358116
0.325 0.339085
0.33 0.319537
0.335 0.299501
0.34 0.279007
0.345 0.258088
0.35 0.236775
0.355 0.2151
0.36 0.193097
0.365 0.170799
0.37 0.14824
0.375 0.125455
0.38 0.102479
0.385 0.0793456
0.39 0.0560915
0.395 0.0327518
0.4 0.00936204
0.405 -0.014042
0.41 -0.0374245
0.415 -0.0607499
0.42 -0.0839826
0.425 -0.107087
0.43 -0.130028
0.435 -0.15277
0.44 -0.17528
0.445 -0.197521
0.45 -0.219461
0.455 -0.241066
0.46 -0.262303
0.465 -0.283139
0.47 -0.303543
0.475 -0.323484
0.48 -0.342931
0.485 -0.361854
0.49 -0.380224
0.495 -0.398014
0.5 -0.415196
0.505 -0.431745
0.51 -0.447634
0.515 -0.462839
0.52 -0.477337
0.525 -0.491106
0.53 -0.504126
0.535 -0.516375
0.54 -0.527835
0.545 -0.538489
0.55 -0.54832
0.555 -0.557314
0.56 -0.565455
0.565 -0.572732
0.57 -0.579134
0.575 -0.58465
0.58 -0.589272
0.585 -0.592993
0.59 -0.595806
0.595 -0.597707
0.6 -0.598693
0.605 -0.598762
0.61 -0.597913
0.615 -0.596148
0.62 -0.593468
0.625 -0.589876
0.63 -0.585379
0.635 -0.579981
0.64 -0.57369
0.645 -0.566515
0.65 -0.558465
0.655 -0.549553
0.66 -0.539789
0.665 -0.529188
0.67 -0.517764
0.675 -0.505533
0.68 -0.492512
0.685 -0.478718
0.69 -0.46417
0.695 -0.448888
0.7 -0.432892
0.705 -0.416204
0.71 -0.398845
0.715 -0.380839
0.72 -0.362208
0.725 -0.342978
0.73 -0.323172
0.735 -0.302815
0.74 -0.281934
0.745 -0.260554
0.75 -0.238701
0.755 -0.216401
0.76 -0.193681
0.765 -0.170567
0.77 -0.147086
0.775 -0.123265
0.78 -0.099129
0.785 -0.0747046
0.79 -0.0500177
0.795 -0.0250936
0.8 4.26661e-005
0.805 0.0253666
0.81 0.0508542
0.815 0.0764822
0.82 0.102228
0.825 0.12807
0.83 0.153986
0.835 0.179958
0.84 0.205965
0.845 0.231989
0.85 0.258012
0.855 0.28402
0.86 0.309996
0.865 0.335926
0.87 0.361799
0.875 0.387601
0.88 0.413324
0.885 0.438956
0.89 0.464491
0.895 0.489922
0.9 0.515244
0.905 0.540451
0.91 0.565541
0.915 0.590512
0.92 0.615363
0.925 0.640095
0.93 0.664709
0.935 0.689208
0.94 0.713596
0.945 0.737876
0.95 0.762055
0.955 0.786139
0.96 0.810135
0.965 0.834051
0.97 0.857895
0.975 0.881677
0.98 0.905406
0.985 0.929092
0.99 0.952746
0.995 0.976379
1 1
