0 0
0.005 0.0232559
0.01 0.0464762
0.015 0.0696256
0.02 0.0926687
0.025 0.11557
0.03 0.138296
0.035 0.16081
0.04 0.183078
0.045 0.205067
0.05 0.226743
0.055 0.248073
0.06 0.269024
0.065 0.289565
0.07 0.309663
0.075 0.329289
0.08 0.348412
0.085 0.367003
0.09 0.385034
0.095 0.402477
0.1 0.419305
0.105 0.435494
0.11 0.451017
0.115 0.465853
0.12 0.479976
0.125 0.493368
0.13 0.506006
0.135 0.517871
0.14 0.528946
0.145 0.539213
0.15 0.548657
0.155 0.557264
0.16 0.56502
0.165 0.571913
0.17 0.577933
0.175 0.583071
0.18 0.587319
0.185 0.59067
0.19 0.59312
0.195 0.594664
0.2 0.5953
0.205 0.595027
0.21 0.593846
0.215 0.591759
0.22 0.588768
0.225 0.584878
0.23 0.580095
0.235 0.574427
0.24 0.567881
0.245 0.560469
0.25 0.552201
0.255 0.543091
0.26 0.533151
0.265 0.522397
0.27 0.510845
0.275 0.498514
0.28 0.485422
0.285 0.471589
0.29 0.457035
0.295 0.441784
0.3 0.425859
0.305 0.409283
0.31 0.392083
0.315 0.374284
0.32 0.355914
0.325 0.337
0.33 0.317572
0.335 0.297659
0.34 0.277292
0.345 0.256501
0.35 0.235319
0.355 0.213777
0.36 0.191909
0.365 0.169749
0.37 0.147329
0.375 0.124684
0.38 0.101848
0.385 0.0788577
0.39 0.0557466
0.395 0.0325504
0.4 0.0093045
0.405 -0.0139556
0.41 -0.0371944
0.415 -0.0603763
0.42 -0.0834661
0.425 -0.106428
0.43 -0.129228
0.435 -0.151831
0.44 -0.174202
0.445 -0.196306
0.45 -0.218112
0.455 -0.239584
0.46 -0.26069
0.465 -0.281398
0.47 -0.301677
0.475 -0.321495
0.48 -0.340822
0.485 -0.359628
0.49 -0.377886
0.495 -0.395566
0.5 -0.412643
0.505 -0.429089
0.51 -0.44488
0.515 -0.459992
0.52 -0.474401
0.525 -0.488085
0.53 -0.501024
0.535 -0.513197
0.54 -0.524587
0.545 -0.535175
0.55 -0.544945
0.555 -0.553883
0.56 -0.561974
0.565 -0.569206
0.57 -0.575567
0.575 -0.581049
0.58 -0.585641
0.585 -0.589338
0.59 -0.592132
0.595 -0.594021
0.6 -0.594999
0.605 -0.595066
0.61 -0.59422
0.615 -0.592463
0.62 -0.589797
0.625 -0.586225
0.63 -0.581752
0.635 -0.576383
0.64 -0.570127
0.645 -0.562992
0.65 -0.554987
0.655 -0.546124
0.66 -0.536415
0.665 -0.525873
0.67 -0.514512
0.675 -0.502348
0.68 -0.489398
0.685 -0.47568
0.69 -0.461211
0.695 -0.446011
0.7 -0.430101
0.705 -0.413501
0.71 -0.396234
0.715 -0.378322
0.72 -0.359788
0.725 -0.340657
0.73 -0.320951
0.735 -0.300697
0.74 -0.27992
0.745 -0.258645
0.75 -0.236897
0.755 -0.214704
0.76 -0.19209
0.765 -0.169083
0.77 -0.145709
0.775 -0.121993
0.78 -0.0979616
0.785 -0.0736409
0.79 -0.0490561
0.795 -0.0242324
0.8 0.000805353
0.805 0.0260331
0.81 0.051427
0.815 0.0769642
0.82 0.102622
0.825 0.128379
0.83 0.154215
0.835 0.180109
0.84 0.206042
0.845 0.231997
0.85 0.257955
0.855 0.283902
0.86 0.309822
0.865 0.335701
0.87 0.361526
0.875 0.387287
0.88 0.412972
0.885 0.438572
0.89 0.46408
0.895 0.489489
0.9 0.514793
0.905 0.539987
0.91 0.565069
0.915 0.590037
0.92 0.61489
0.925 0.639628
0.93 0.664252
0.935 0.688765
0.94 0.713171
0.945 0.737473
0.95 0.761677
0.955 0.785789
0.96 0.809817
0.965 0.833766
0.97 0.857647
0.975 0.881467
0.98 0.905236
0.985 0.928964
0.99 0.95266
0.995 0.976335
1 1
