0 0
0.005 0.0231129
0.01 0.0461904
0.015 0.0691975
0.02 0.0920989
0.025 0.11486
0.03 0.137445
0.035 0.159821
0.04 0.181953
0.045 0.203806
0.05 0.225349
0.055 0.246548
0.06 0.26737
0.065 0.287784
0.07 0.307759
0.075 0.327264
0.08 0.34627
0.085 0.364746
0.09 0.382666
0.095 0.400002
0.1 0.416727
0.105 0.432816
0.11 0.448244
0.115 0.462988
0.12 0.477025
0.125 0.490334
0.13 0.502894
0.135 0.514687
0.14 0.525693
0.145 0.535898
0.15 0.545284
0.155 0.553838
0.16 0.561546
0.165 0.568397
0.17 0.57438
0.175 0.579486
0.18 0.583708
0.185 0.587038
0.19 0.589473
0.195 0.591007
0.2 0.591639
0.205 0.591368
0.21 0.590195
0.215 0.58812
0.22 0.585147
0.225 0.581281
0.23 0.576528
0.235 0.570895
0.24 0.56439
0.245 0.557023
0.25 0.548806
0.255 0.539751
0.26 0.529872
0.265 0.519185
0.27 0.507704
0.275 0.495449
0.28 0.482437
0.285 0.468689
0.29 0.454225
0.295 0.439068
0.3 0.42324
0.305 0.406767
0.31 0.389672
0.315 0.371983
0.32 0.353725
0.325 0.334928
0.33 0.315619
0.335 0.295829
0.34 0.275587
0.345 0.254924
0.35 0.233872
0.355 0.212463
0.36 0.190729
0.365 0.168705
0.37 0.146423
0.375 0.123917
0.38 0.101222
0.385 0.0783728
0.39 0.0554038
0.395 0.0323503
0.4 0.00924732
0.405 -0.0138697
0.41 -0.0369656
0.415 -0.060005
0.42 -0.0829528
0.425 -0.105774
0.43 -0.128434
0.435 -0.150897
0.44 -0.17313
0.445 -0.195099
0.45 -0.21677
0.455 -0.23811
0.46 -0.259087
0.465 -0.279668
0.47 -0.299821
0.475 -0.319517
0.48 -0.338726
0.485 -0.357416
0.49 -0.375562
0.495 -0.393133
0.5 -0.410105
0.505 -0.42645
0.51 -0.442143
0.515 -0.457162
0.52 -0.471482
0.525 -0.485082
0.53 -0.497941
0.535 -0.51004
0.54 -0.521359
0.545 -0.531881
0.55 -0.541591
0.555 -0.550473
0.56 -0.558513
0.565 -0.5657
0.57 -0.572022
0.575 -0.577469
0.58 -0.582032
0.585 -0.585705
0.59 -0.588481
0.595 -0.590356
0.6 -0.591327
0.605 -0.591391
0.61 -0.590549
0.615 -0.5888
0.62 -0.586148
0.625 -0.582595
0.63 -0.578146
0.635 -0.572807
0.64 -0.566585
0.645 -0.559489
0.65 -0.551529
0.655 -0.542715
0.66 -0.533059
0.665 -0.522575
0.67 -0.511276
0.675 -0.499179
0.68 -0.4863
0.685 -0.472656
0.69 -0.458265
0.695 -0.443147
0.7 -0.427322
0.705 -0.41081
0.71 -0.393634
0.715 -0.375815
0.72 -0.357377
0.725 -0.338343
0.73 -0.318738
0.735 -0.298585
0.74 -0.277911
0.745 -0.256739
0.75 -0.235096
0.755 -0.213008
0.76 -0.1905
0.765 -0.167598
0.77 -0.144329
0.775 -0.120717
0.78 -0.0967896
0.785 -0.0725713
0.79 -0.0480876
0.795 -0.0233633
0.8 0.00157713
0.805 0.0267097
0.81 0.052011
0.815 0.0774583
0.82 0.103029
0.825 0.128703
0.83 0.154458
0.835 0.180275
0.84 0.206136
0.845 0.232022
0.85 0.257916
0.855 0.283802
0.86 0.309666
0.865 0.335494
0.87 0.361273
0.875 0.386992
0.88 0.41264
0.885 0.438208
0.89 0.463689
0.895 0.489075
0.9 0.514361
0.905 0.539543
0.91 0.564617
0.915 0.589581
0.92 0.614434
0.925 0.639178
0.93 0.663811
0.935 0.688338
0.94 0.712761
0.945 0.737084
0.95 0.761312
0.955 0.785452
0.96 0.809509
0.965 0.833491
0.97 0.857407
0.975 0.881264
0.98 0.905072
0.985 0.928839
0.99 0.952576
0.995 0.976293
1 1
