0 0
0.005 0.0229707
0.01 0.0459064
0.015 0.068772
0.02 0.0915326
0.025 0.114153
0.03 0.1366
0.035 0.158838
0.04 0.180834
0.045 0.202553
0.05 0.223964
0.055 0.245032
0.06 0.265726
0.065 0.286015
0.07 0.305867
0.075 0.325252
0.08 0.34414
0.085 0.362504
0.09 0.380313
0.095 0.397542
0.1 0.414165
0.105 0.430155
0.11 0.445488
0.115 0.460141
0.12 0.474092
0.125 0.487319
0.13 0.499802
0.135 0.511522
0.14 0.522461
0.145 0.532602
0.15 0.541931
0.155 0.550432
0.16 0.558093
0.165 0.564902
0.17 0.570848
0.175 0.575923
0.18 0.580119
0.185 0.583429
0.19 0.585848
0.195 0.587373
0.2 0.588002
0.205 0.587732
0.21 0.586566
0.215 0.584504
0.22 0.581549
0.225 0.577707
0.23 0.572983
0.235 0.567384
0.24 0.560919
0.245 0.553598
0.25 0.545431
0.255 0.536432
0.26 0.526614
0.265 0.515992
0.27 0.504582
0.275 0.492402
0.28 0.479471
0.285 0.465807
0.29 0.451432
0.295 0.436368
0.3 0.420638
0.305 0.404266
0.31 0.387276
0.315 0.369695
0.32 0.35155
0.325 0.332869
0.33 0.313679
0.335 0.29401
0.34 0.273892
0.345 0.253356
0.35 0.232434
0.355 0.211156
0.36 0.189557
0.365 0.167667
0.37 0.145522
0.375 0.123155
0.38 0.1006
0.385 0.0778909
0.39 0.0550632
0.395 0.0321514
0.4 0.00919049
0.405 -0.0137844
0.41 -0.0367383
0.415 -0.059636
0.42 -0.0824427
0.425 -0.105124
0.43 -0.127644
0.435 -0.149969
0.44 -0.172066
0.445 -0.193899
0.45 -0.215437
0.455 -0.236646
0.46 -0.257493
0.465 -0.277948
0.47 -0.297977
0.475 -0.317552
0.48 -0.336642
0.485 -0.355218
0.49 -0.373252
0.495 -0.390715
0.5 -0.407582
0.505 -0.423826
0.51 -0.439423
0.515 -0.454349
0.52 -0.468581
0.525 -0.482097
0.53 -0.494877
0.535 -0.506901
0.54 -0.51815
0.545 -0.528607
0.55 -0.538257
0.555 -0.547084
0.56 -0.555074
0.565 -0.562216
0.57 -0.568498
0.575 -0.57391
0.58 -0.578444
0.585 -0.582093
0.59 -0.584851
0.595 -0.586713
0.6 -0.587676
0.605 -0.587738
0.61 -0.586899
0.615 -0.585159
0.62 -0.58252
0.625 -0.578985
0.63 -0.57456
0.635 -0.569251
0.64 -0.563063
0.645 -0.556006
0.65 -0.548089
0.655 -0.539324
0.66 -0.529721
0.665 -0.519294
0.67 -0.508058
0.675 -0.496027
0.68 -0.483217
0.685 -0.469647
0.69 -0.455334
0.695 -0.440296
0.7 -0.424555
0.705 -0.40813
0.71 -0.391044
0.715 -0.373317
0.72 -0.354974
0.725 -0.336037
0.73 -0.316531
0.735 -0.296478
0.74 -0.275905
0.745 -0.254837
0.75 -0.233297
0.755 -0.211313
0.76 -0.188909
0.765 -0.166112
0.77 -0.142946
0.775 -0.119438
0.78 -0.095613
0.785 -0.071496
0.79 -0.0471123
0.795 -0.0224862
0.8 0.00235789
0.805 0.0273964
0.81 0.0526061
0.815 0.0779644
0.82 0.103449
0.825 0.12904
0.83 0.154716
0.835 0.180457
0.84 0.206246
0.845 0.232063
0.85 0.257894
0.855 0.28372
0.86 0.309529
0.865 0.335306
0.87 0.361039
0.875 0.386716
0.88 0.412327
0.885 0.437863
0.89 0.463317
0.895 0.48868
0.9 0.513948
0.905 0.539117
0.91 0.564182
0.915 0.589143
0.92 0.613996
0.925 0.638744
0.93 0.663386
0.935 0.687926
0.94 0.712365
0.945 0.736708
0.95 0.760959
0.955 0.785125
0.96 0.809211
0.965 0.833225
0.97 0.857175
0.975 0.881067
0.98 0.904912
0.985 0.928719
0.99 0.952495
0.995 0.976253
1 1
