0 0
0.005 0.0228295
0.01 0.0456241
0.015 0.0683491
0.02 0.0909698
0.025 0.113452
0.03 0.13576
0.035 0.157861
0.04 0.179722
0.045 0.201308
0.05 0.222586
0.055 0.243525
0.06 0.264092
0.065 0.284256
0.07 0.303986
0.075 0.323252
0.08 0.342024
0.085 0.360275
0.09 0.377975
0.095 0.395098
0.1 0.411618
0.105 0.42751
0.11 0.442749
0.115 0.457312
0.12 0.471177
0.125 0.484322
0.13 0.496729
0.135 0.508377
0.14 0.519248
0.145 0.529328
0.15 0.538599
0.155 0.547047
0.16 0.554661
0.165 0.561428
0.17 0.567338
0.175 0.572382
0.18 0.576552
0.185 0.579841
0.19 0.582246
0.195 0.583761
0.2 0.584386
0.205 0.584118
0.21 0.582959
0.215 0.58091
0.22 0.577973
0.225 0.574155
0.23 0.56946
0.235 0.563895
0.24 0.55747
0.245 0.550194
0.25 0.542078
0.255 0.533134
0.26 0.523376
0.265 0.512819
0.27 0.50148
0.275 0.489375
0.28 0.476522
0.285 0.462943
0.29 0.448656
0.295 0.433685
0.3 0.418051
0.305 0.40178
0.31 0.384895
0.315 0.367422
0.32 0.349389
0.325 0.330822
0.33 0.31175
0.335 0.292202
0.34 0.272208
0.345 0.251798
0.35 0.231005
0.355 0.209858
0.36 0.188391
0.365 0.166636
0.37 0.144628
0.375 0.122398
0.38 0.0999812
0.385 0.077412
0.39 0.0547246
0.395 0.0319537
0.4 0.00913401
0.405 -0.0136996
0.41 -0.0365123
0.415 -0.0592693
0.42 -0.0819357
0.425 -0.104477
0.43 -0.126859
0.435 -0.149047
0.44 -0.171008
0.445 -0.192707
0.45 -0.214112
0.455 -0.235191
0.46 -0.25591
0.465 -0.276238
0.47 -0.296145
0.475 -0.315599
0.48 -0.334572
0.485 -0.353033
0.49 -0.370956
0.495 -0.388312
0.5 -0.405075
0.505 -0.421219
0.51 -0.43672
0.515 -0.451554
0.52 -0.465698
0.525 -0.479131
0.53 -0.491832
0.535 -0.503781
0.54 -0.514961
0.545 -0.525353
0.55 -0.534943
0.555 -0.543715
0.56 -0.551655
0.565 -0.558752
0.57 -0.564995
0.575 -0.570373
0.58 -0.574878
0.585 -0.578503
0.59 -0.581243
0.595 -0.583092
0.6 -0.584047
0.605 -0.584107
0.61 -0.58327
0.615 -0.581538
0.62 -0.578913
0.625 -0.575397
0.63 -0.570996
0.635 -0.565714
0.64 -0.55956
0.645 -0.552542
0.65 -0.544669
0.655 -0.535951
0.66 -0.526401
0.665 -0.516031
0.67 -0.504856
0.675 -0.49289
0.68 -0.48015
0.685 -0.466653
0.69 -0.452416
0.695 -0.437458
0.7 -0.4218
0.705 -0.405462
0.71 -0.388464
0.715 -0.370829
0.72 -0.35258
0.725 -0.333739
0.73 -0.31433
0.735 -0.294377
0.74 -0.273904
0.745 -0.252937
0.75 -0.2315
0.755 -0.209619
0.76 -0.187318
0.765 -0.164624
0.77 -0.141561
0.775 -0.118155
0.78 -0.0944317
0.785 -0.0704151
0.79 -0.0461302
0.795 -0.0216013
0.8 0.00314752
0.805 0.0280929
0.81 0.0532119
0.815 0.0784823
0.82 0.103882
0.825 0.129391
0.83 0.154988
0.835 0.180655
0.84 0.206372
0.845 0.232122
0.85 0.257888
0.855 0.283656
0.86 0.30941
0.865 0.335136
0.87 0.360823
0.875 0.386459
0.88 0.412033
0.885 0.437538
0.89 0.462963
0.895 0.488304
0.9 0.513555
0.905 0.53871
0.91 0.563766
0.915 0.588722
0.92 0.613575
0.925 0.638327
0.93 0.662977
0.935 0.687529
0.94 0.711983
0.945 0.736345
0.95 0.760619
0.955 0.78481
0.96 0.808924
0.965 0.832968
0.97 0.85695
0.975 0.880877
0.98 0.904758
0.985 0.928602
0.99 0.952417
0.995 0.976213
1 1
