0 0
0.005 0.0226877
0.01 0.0453408
0.015 0.0679247
0.02 0.0904048
0.025 0.112747
0.03 0.134917
0.035 0.156881
0.04 0.178606
0.045 0.200058
0.05 0.221204
0.055 0.242013
0.06 0.262452
0.065 0.282491
0.07 0.302098
0.075 0.321244
0.08 0.3399
0.085 0.358037
0.09 0.375627
0.095 0.392644
0.1 0.409062
0.105 0.424855
0.11 0.439999
0.115 0.454472
0.12 0.468251
0.125 0.481315
0.13 0.493644
0.135 0.505219
0.14 0.516024
0.145 0.52604
0.15 0.535254
0.155 0.54365
0.16 0.551217
0.165 0.557941
0.17 0.563815
0.175 0.568827
0.18 0.572971
0.185 0.57624
0.19 0.57863
0.195 0.580136
0.2 0.580757
0.205 0.580491
0.21 0.579339
0.215 0.577302
0.22 0.574384
0.225 0.570589
0.23 0.565923
0.235 0.560393
0.24 0.554008
0.245 0.546777
0.25 0.538711
0.255 0.529823
0.26 0.520126
0.265 0.509635
0.27 0.498366
0.275 0.486336
0.28 0.473563
0.285 0.460068
0.29 0.44587
0.295 0.430992
0.3 0.415455
0.305 0.399285
0.31 0.382505
0.315 0.36514
0.32 0.347219
0.325 0.328767
0.33 0.309814
0.335 0.290387
0.34 0.270517
0.345 0.250235
0.35 0.22957
0.355 0.208555
0.36 0.187221
0.365 0.165602
0.37 0.143729
0.375 0.121638
0.38 0.0993603
0.385 0.0769313
0.39 0.0543848
0.395 0.0317553
0.4 0.00907733
0.405 -0.0136145
0.41 -0.0362855
0.415 -0.0589011
0.42 -0.0814268
0.425 -0.103828
0.43 -0.126071
0.435 -0.148121
0.44 -0.169945
0.445 -0.19151
0.45 -0.212782
0.455 -0.23373
0.46 -0.25432
0.465 -0.274522
0.47 -0.294305
0.475 -0.313639
0.48 -0.332493
0.485 -0.35084
0.49 -0.368651
0.495 -0.385899
0.5 -0.402558
0.505 -0.418602
0.51 -0.434007
0.515 -0.448748
0.52 -0.462804
0.525 -0.476153
0.53 -0.488775
0.535 -0.50065
0.54 -0.511759
0.545 -0.522087
0.55 -0.531616
0.555 -0.540333
0.56 -0.548224
0.565 -0.555276
0.57 -0.561478
0.575 -0.566822
0.58 -0.571298
0.585 -0.574899
0.59 -0.57762
0.595 -0.579456
0.6 -0.580403
0.605 -0.58046
0.61 -0.579627
0.615 -0.577903
0.62 -0.575291
0.625 -0.571793
0.63 -0.567416
0.635 -0.562163
0.64 -0.556043
0.645 -0.549063
0.65 -0.541233
0.655 -0.532563
0.66 -0.523066
0.665 -0.512753
0.67 -0.501639
0.675 -0.489738
0.68 -0.477067
0.685 -0.463643
0.69 -0.449483
0.695 -0.434605
0.7 -0.41903
0.705 -0.402778
0.71 -0.385869
0.715 -0.368326
0.72 -0.35017
0.725 -0.331425
0.73 -0.312114
0.735 -0.29226
0.74 -0.271888
0.745 -0.251022
0.75 -0.229688
0.755 -0.207909
0.76 -0.185711
0.765 -0.16312
0.77 -0.14016
0.775 -0.116857
0.78 -0.0932341
0.785 -0.0693176
0.79 -0.0451315
0.795 -0.0206997
0.8 0.00395394
0.805 0.0288063
0.81 0.0538348
0.815 0.0790172
0.82 0.104332
0.825 0.129759
0.83 0.155278
0.835 0.180869
0.84 0.206515
0.845 0.232197
0.85 0.2579
0.855 0.283609
0.86 0.309307
0.865 0.334983
0.87 0.360624
0.875 0.386218
0.88 0.411756
0.885 0.437228
0.89 0.462626
0.895 0.487944
0.9 0.513175
0.905 0.538317
0.91 0.563364
0.915 0.588314
0.92 0.613167
0.925 0.637922
0.93 0.66258
0.935 0.687142
0.94 0.711612
0.945 0.735992
0.95 0.760287
0.955 0.784502
0.96 0.808644
0.965 0.832718
0.97 0.856731
0.975 0.880692
0.98 0.904608
0.985 0.928488
0.99 0.952341
0.995 0.976175
1 1
