0 0
0.005 0.0371632
0.01 0.0742696
0.015 0.111263
0.02 0.148086
0.025 0.184683
0.03 0.220998
0.035 0.256976
0.04 0.292561
0.045 0.3277
0.05 0.362339
0.055 0.396424
0.06 0.429905
0.065 0.462728
0.07 0.494846
0.075 0.526208
0.08 0.556767
0.085 0.586476
0.09 0.615289
0.095 0.643163
0.1 0.670056
0.105 0.695925
0.11 0.720732
0.115 0.744438
0.12 0.767009
0.125 0.788408
0.13 0.808603
0.135 0.827565
0.14 0.845262
0.145 0.86167
0.15 0.876762
0.155 0.890515
0.16 0.902909
0.165 0.913925
0.17 0.923545
0.175 0.931756
0.18 0.938544
0.185 0.943899
0.19 0.947813
0.195 0.95028
0.2 0.951297
0.205 0.950861
0.21 0.948974
0.215 0.945638
0.22 0.940858
0.225 0.934642
0.23 0.926999
0.235 0.917941
0.24 0.907482
0.245 0.895637
0.25 0.882425
0.255 0.867866
0.26 0.851982
0.265 0.834797
0.27 0.816338
0.275 0.796632
0.28 0.775711
0.285 0.753605
0.29 0.730349
0.295 0.705977
0.3 0.680528
0.305 0.65404
0.31 0.626554
0.315 0.598111
0.32 0.568755
0.325 0.538531
0.33 0.507484
0.335 0.475663
0.34 0.443116
0.345 0.409892
0.35 0.376042
0.355 0.341619
0.36 0.306674
0.365 0.27126
0.37 0.235433
0.375 0.199246
0.38 0.162755
0.385 0.126015
0.39 0.0890836
0.395 0.0520157
0.4 0.0148684
0.405 -0.0223015
0.41 -0.0594375
0.415 -0.0964827
0.42 -0.133381
0.425 -0.170075
0.43 -0.206509
0.435 -0.242629
0.44 -0.278378
0.445 -0.313702
0.45 -0.348547
0.455 -0.38286
0.46 -0.416588
0.465 -0.449681
0.47 -0.482087
0.475 -0.513757
0.48 -0.544643
0.485 -0.574697
0.49 -0.603874
0.495 -0.632129
0.5 -0.659419
0.505 -0.685702
0.51 -0.710939
0.515 -0.73509
0.52 -0.758119
0.525 -0.779991
0.53 -0.800672
0.535 -0.82013
0.54 -0.838337
0.545 -0.855263
0.55 -0.870884
0.555 -0.885176
0.56 -0.898116
0.565 -0.909685
0.57 -0.919866
0.575 -0.928642
0.58 -0.936
0.585 -0.941929
0.59 -0.946421
0.595 -0.949467
0.6 -0.951065
0.605 -0.95121
0.61 -0.949903
0.615 -0.947146
0.62 -0.942943
0.625 -0.9373
0.63 -0.930227
0.635 -0.921734
0.64 -0.911833
0.645 -0.90054
0.65 -0.887873
0.655 -0.87385
0.66 -0.858493
0.665 -0.841825
0.67 -0.823873
0.675 -0.804662
0.68 -0.784223
0.685 -0.762587
0.69 -0.739787
0.695 -0.715857
0.7 -0.690835
0.705 -0.664758
0.71 -0.637666
0.715 -0.6096
0.72 -0.580604
0.725 -0.550722
0.73 -0.519998
0.735 -0.488481
0.74 -0.456219
0.745 -0.423259
0.75 -0.389654
0.755 -0.355454
0.76 -0.320711
0.765 -0.285478
0.77 -0.24981
0.775 -0.21376
0.78 -0.177384
0.785 -0.140737
0.79 -0.103876
0.795 -0.0668556
0.8 -0.0297333
0.805 0.00743446
0.81 0.0445908
0.815 0.0816791
0.82 0.118643
0.825 0.155425
0.83 0.191971
0.835 0.228223
0.84 0.264127
0.845 0.299628
0.85 0.334671
0.855 0.369204
0.86 0.403174
0.865 0.43653
0.87 0.469221
0.875 0.501197
0.88 0.532412
0.885 0.562819
0.89 0.592375
0.895 0.621037
0.9 0.648766
0.905 0.675527
0.91 0.701287
0.915 0.726018
0.92 0.749698
0.925 0.77231
0.93 0.793843
0.935 0.814296
0.94 0.833675
0.945 0.851996
0.95 0.869288
0.955 0.885588
0.96 0.900948
0.965 0.91543
0.97 0.929111
0.975 0.942078
0.98 0.95443
0.985 0.966277
0.99 0.977737
0.995 0.988935
1 1
