0 0
0.005 0.0225482
0.01 0.045062
0.015 0.067507
0.02 0.0898489
0.025 0.112054
0.03 0.134087
0.035 0.155916
0.04 0.177507
0.045 0.198827
0.05 0.219844
0.055 0.240525
0.06 0.260838
0.065 0.280754
0.07 0.300241
0.075 0.319269
0.08 0.33781
0.085 0.355836
0.09 0.373318
0.095 0.39023
0.1 0.406546
0.105 0.422242
0.11 0.437294
0.115 0.451677
0.12 0.465371
0.125 0.478355
0.13 0.490608
0.135 0.502113
0.14 0.512851
0.145 0.522806
0.15 0.531963
0.155 0.540307
0.16 0.547827
0.165 0.554511
0.17 0.560348
0.175 0.565329
0.18 0.569448
0.185 0.572697
0.19 0.575072
0.195 0.576569
0.2 0.577186
0.205 0.576921
0.21 0.575776
0.215 0.573752
0.22 0.570852
0.225 0.567081
0.23 0.562443
0.235 0.556948
0.24 0.550602
0.245 0.543415
0.25 0.535399
0.255 0.526565
0.26 0.516928
0.265 0.506501
0.27 0.495301
0.275 0.483345
0.28 0.470651
0.285 0.457239
0.29 0.443128
0.295 0.428342
0.3 0.412901
0.305 0.39683
0.31 0.380153
0.315 0.362895
0.32 0.345084
0.325 0.326746
0.33 0.307909
0.335 0.288602
0.34 0.268854
0.345 0.248696
0.35 0.228158
0.355 0.207272
0.36 0.18607
0.365 0.164583
0.37 0.142846
0.375 0.12089
0.38 0.0987494
0.385 0.0764583
0.39 0.0540504
0.395 0.0315601
0.4 0.00902156
0.405 -0.0135307
0.41 -0.0360623
0.415 -0.0585389
0.42 -0.080926
0.425 -0.10319
0.43 -0.125296
0.435 -0.14721
0.44 -0.1689
0.445 -0.190332
0.45 -0.211474
0.455 -0.232292
0.46 -0.252756
0.465 -0.272834
0.47 -0.292495
0.475 -0.31171
0.48 -0.330448
0.485 -0.348682
0.49 -0.366384
0.495 -0.383526
0.5 -0.400082
0.505 -0.416027
0.51 -0.431336
0.515 -0.445987
0.52 -0.459956
0.525 -0.473223
0.53 -0.485767
0.535 -0.497568
0.54 -0.508609
0.545 -0.518872
0.55 -0.528343
0.555 -0.537005
0.56 -0.544846
0.565 -0.551854
0.57 -0.558018
0.575 -0.563327
0.58 -0.567775
0.585 -0.571352
0.59 -0.574055
0.595 -0.575878
0.6 -0.576817
0.605 -0.576872
0.61 -0.576041
0.615 -0.574324
0.62 -0.571725
0.625 -0.568246
0.63 -0.563891
0.635 -0.558667
0.64 -0.55258
0.645 -0.545638
0.65 -0.53785
0.655 -0.529227
0.66 -0.519781
0.665 -0.509524
0.67 -0.49847
0.675 -0.486633
0.68 -0.47403
0.685 -0.460677
0.69 -0.446592
0.695 -0.431793
0.7 -0.4163
0.705 -0.400132
0.71 -0.38331
0.715 -0.365856
0.72 -0.347792
0.725 -0.329141
0.73 -0.309925
0.735 -0.290169
0.74 -0.269895
0.745 -0.249129
0.75 -0.227895
0.755 -0.206217
0.76 -0.18412
0.765 -0.16163
0.77 -0.138771
0.775 -0.115567
0.78 -0.0920438
0.785 -0.0682254
0.79 -0.044136
0.795 -0.0197994
0.8 0.00476107
0.805 0.0295224
0.81 0.0544621
0.815 0.0795583
0.82 0.10479
0.825 0.130137
0.83 0.155578
0.835 0.181096
0.84 0.206672
0.845 0.232288
0.85 0.257929
0.855 0.283579
0.86 0.309224
0.865 0.33485
0.87 0.360445
0.875 0.385998
0.88 0.411499
0.885 0.436939
0.89 0.46231
0.895 0.487605
0.9 0.512818
0.905 0.537945
0.91 0.562983
0.915 0.587928
0.92 0.612779
0.925 0.637537
0.93 0.662202
0.935 0.686774
0.94 0.711257
0.945 0.735655
0.95 0.75997
0.955 0.784209
0.96 0.808376
0.965 0.832478
0.97 0.856522
0.975 0.880515
0.98 0.904465
0.985 0.928379
0.99 0.952268
0.995 0.976138
1 1
