0 0
0.005 0.0224096
0.01 0.0447849
0.015 0.0670919
0.02 0.0892965
0.025 0.111365
0.03 0.133263
0.035 0.154958
0.04 0.176416
0.045 0.197605
0.05 0.218492
0.055 0.239046
0.06 0.259235
0.065 0.279027
0.07 0.298395
0.075 0.317306
0.08 0.335733
0.085 0.353648
0.09 0.371022
0.095 0.387831
0.1 0.404047
0.105 0.419646
0.11 0.434605
0.115 0.4489
0.12 0.46251
0.125 0.475414
0.13 0.487592
0.135 0.499025
0.14 0.509697
0.145 0.519591
0.15 0.528692
0.155 0.536985
0.16 0.544459
0.165 0.551101
0.17 0.556902
0.175 0.561853
0.18 0.565946
0.185 0.569176
0.19 0.571536
0.195 0.573024
0.2 0.573637
0.205 0.573374
0.21 0.572236
0.215 0.570224
0.22 0.567342
0.225 0.563594
0.23 0.558985
0.235 0.553523
0.24 0.547216
0.245 0.540073
0.25 0.532107
0.255 0.523327
0.26 0.513749
0.265 0.503387
0.27 0.492256
0.275 0.480373
0.28 0.467757
0.285 0.454427
0.29 0.440404
0.295 0.425708
0.3 0.410362
0.305 0.394389
0.31 0.377815
0.315 0.360664
0.32 0.342962
0.325 0.324737
0.33 0.306015
0.335 0.286827
0.34 0.267201
0.345 0.247167
0.35 0.226755
0.355 0.205998
0.36 0.184926
0.365 0.163571
0.37 0.141967
0.375 0.120146
0.38 0.0981422
0.385 0.0759882
0.39 0.0537181
0.395 0.0313661
0.4 0.00896614
0.405 -0.0134475
0.41 -0.0358405
0.415 -0.0581788
0.42 -0.0804283
0.425 -0.102555
0.43 -0.124525
0.435 -0.146305
0.44 -0.167861
0.445 -0.189162
0.45 -0.210173
0.455 -0.230864
0.46 -0.251201
0.465 -0.271156
0.47 -0.290696
0.475 -0.309792
0.48 -0.328416
0.485 -0.346537
0.49 -0.36413
0.495 -0.381166
0.5 -0.39762
0.505 -0.413467
0.51 -0.428682
0.515 -0.443243
0.52 -0.457126
0.525 -0.470311
0.53 -0.482777
0.535 -0.494505
0.54 -0.505478
0.545 -0.515677
0.55 -0.525089
0.555 -0.533697
0.56 -0.541489
0.565 -0.548453
0.57 -0.554578
0.575 -0.559854
0.58 -0.564272
0.585 -0.567827
0.59 -0.570511
0.595 -0.57232
0.6 -0.573252
0.605 -0.573304
0.61 -0.572475
0.615 -0.570767
0.62 -0.56818
0.625 -0.564719
0.63 -0.560387
0.635 -0.555191
0.64 -0.549136
0.645 -0.542231
0.65 -0.534485
0.655 -0.525909
0.66 -0.516514
0.665 -0.506312
0.67 -0.495317
0.675 -0.483544
0.68 -0.471008
0.685 -0.457726
0.69 -0.443715
0.695 -0.428993
0.7 -0.413581
0.705 -0.397496
0.71 -0.380761
0.715 -0.363396
0.72 -0.345423
0.725 -0.326864
0.73 -0.307743
0.735 -0.288083
0.74 -0.267907
0.745 -0.247239
0.75 -0.226104
0.755 -0.204526
0.76 -0.182529
0.765 -0.160139
0.77 -0.137379
0.775 -0.114274
0.78 -0.0908491
0.785 -0.0671277
0.79 -0.043134
0.795 -0.0188915
0.8 0.00557673
0.805 0.0302479
0.81 0.0550998
0.815 0.0801108
0.82 0.10526
0.825 0.130527
0.83 0.155892
0.835 0.181337
0.84 0.206844
0.845 0.232394
0.85 0.257974
0.855 0.283566
0.86 0.309157
0.865 0.334734
0.87 0.360284
0.875 0.385796
0.88 0.411261
0.885 0.436669
0.89 0.462012
0.895 0.487284
0.9 0.512479
0.905 0.537591
0.91 0.562619
0.915 0.587558
0.92 0.612408
0.925 0.637168
0.93 0.661838
0.935 0.68642
0.94 0.710917
0.945 0.73533
0.95 0.759665
0.955 0.783926
0.96 0.808118
0.965 0.832247
0.97 0.85632
0.975 0.880344
0.98 0.904326
0.985 0.928274
0.99 0.952197
0.995 0.976103
1 1
