0 0
0.005 0.0222718
0.01 0.0445095
0.015 0.0666794
0.02 0.0887474
0.025 0.11068
0.03 0.132444
0.035 0.154005
0.04 0.175331
0.045 0.19639
0.05 0.217149
0.055 0.237576
0.06 0.25764
0.065 0.277312
0.07 0.29656
0.075 0.315355
0.08 0.333669
0.085 0.351473
0.09 0.368741
0.095 0.385446
0.1 0.401562
0.105 0.417066
0.11 0.431932
0.115 0.44614
0.12 0.459666
0.125 0.47249
0.13 0.484594
0.135 0.495957
0.14 0.506563
0.145 0.516396
0.15 0.525441
0.155 0.533683
0.16 0.541111
0.165 0.547712
0.17 0.553478
0.175 0.558398
0.18 0.562466
0.185 0.565676
0.19 0.568022
0.195 0.5695
0.2 0.570109
0.205 0.569848
0.21 0.568717
0.215 0.566718
0.22 0.563853
0.225 0.560128
0.23 0.555548
0.235 0.550119
0.24 0.543851
0.245 0.536753
0.25 0.528835
0.255 0.520109
0.26 0.51059
0.265 0.500291
0.27 0.489229
0.275 0.477419
0.28 0.464881
0.285 0.451633
0.29 0.437696
0.295 0.42309
0.3 0.407839
0.305 0.391964
0.31 0.375492
0.315 0.358446
0.32 0.340853
0.325 0.32274
0.33 0.304134
0.335 0.285063
0.34 0.265558
0.345 0.245647
0.35 0.225361
0.355 0.204731
0.36 0.183789
0.365 0.162566
0.37 0.141094
0.375 0.119408
0.38 0.0975388
0.385 0.0755209
0.39 0.0533878
0.395 0.0311732
0.4 0.00891107
0.405 -0.0133647
0.41 -0.03562
0.415 -0.057821
0.42 -0.0799336
0.425 -0.101924
0.43 -0.123759
0.435 -0.145405
0.44 -0.166829
0.445 -0.187998
0.45 -0.20888
0.455 -0.229444
0.46 -0.249656
0.465 -0.269488
0.47 -0.288908
0.475 -0.307887
0.48 -0.326396
0.485 -0.344406
0.49 -0.36189
0.495 -0.378821
0.5 -0.395174
0.505 -0.410923
0.51 -0.426045
0.515 -0.440515
0.52 -0.454313
0.525 -0.467416
0.53 -0.479805
0.535 -0.491461
0.54 -0.502365
0.545 -0.512502
0.55 -0.521855
0.555 -0.530409
0.56 -0.538153
0.565 -0.545073
0.57 -0.551159
0.575 -0.556401
0.58 -0.560791
0.585 -0.564322
0.59 -0.566988
0.595 -0.568784
0.6 -0.569708
0.605 -0.569757
0.61 -0.568931
0.615 -0.56723
0.62 -0.564656
0.625 -0.561212
0.63 -0.556903
0.635 -0.551733
0.64 -0.545711
0.645 -0.538843
0.65 -0.531139
0.655 -0.522609
0.66 -0.513264
0.665 -0.503116
0.67 -0.49218
0.675 -0.48047
0.68 -0.468
0.685 -0.454788
0.69 -0.440851
0.695 -0.426206
0.7 -0.410873
0.705 -0.394872
0.71 -0.378222
0.715 -0.360944
0.72 -0.343061
0.725 -0.324595
0.73 -0.305567
0.735 -0.286002
0.74 -0.265922
0.745 -0.245352
0.75 -0.224315
0.755 -0.202836
0.76 -0.180938
0.765 -0.158646
0.77 -0.135985
0.775 -0.112978
0.78 -0.0896499
0.785 -0.0660246
0.79 -0.0421256
0.795 -0.0179761
0.8 0.00640082
0.805 0.0309828
0.81 0.0557478
0.815 0.0806745
0.82 0.105742
0.825 0.13093
0.83 0.15622
0.835 0.181593
0.84 0.207031
0.845 0.232516
0.85 0.258034
0.855 0.283569
0.86 0.309107
0.865 0.334635
0.87 0.36014
0.875 0.385612
0.88 0.41104
0.885 0.436417
0.89 0.461732
0.895 0.486981
0.9 0.512157
0.905 0.537255
0.91 0.562272
0.915 0.587205
0.92 0.612052
0.925 0.636814
0.93 0.661489
0.935 0.68608
0.94 0.710589
0.945 0.735018
0.95 0.759371
0.955 0.783653
0.96 0.807869
0.965 0.832024
0.97 0.856125
0.975 0.880178
0.98 0.904192
0.985 0.928173
0.99 0.952129
0.995 0.976069
1 1
