0 0
0.005 0.0221348
0.01 0.0442359
0.015 0.0662694
0.02 0.0882017
0.025 0.109999
0.03 0.131629
0.035 0.153058
0.04 0.174253
0.045 0.195182
0.05 0.215813
0.055 0.236115
0.06 0.256056
0.065 0.275607
0.07 0.294736
0.075 0.313416
0.08 0.331617
0.085 0.349312
0.09 0.366474
0.095 0.383076
0.1 0.399093
0.105 0.414501
0.11 0.429276
0.115 0.443396
0.12 0.456839
0.125 0.469585
0.13 0.481614
0.135 0.492907
0.14 0.503448
0.145 0.513221
0.15 0.52221
0.155 0.530402
0.16 0.537784
0.165 0.544345
0.17 0.550075
0.175 0.554965
0.18 0.559008
0.185 0.562197
0.19 0.564529
0.195 0.565998
0.2 0.566604
0.205 0.566344
0.21 0.56522
0.215 0.563233
0.22 0.560386
0.225 0.556684
0.23 0.552132
0.235 0.546737
0.24 0.540507
0.245 0.533452
0.25 0.525583
0.255 0.516911
0.26 0.50745
0.265 0.497215
0.27 0.48622
0.275 0.474484
0.28 0.462023
0.285 0.448856
0.29 0.435004
0.295 0.420488
0.3 0.405331
0.305 0.389554
0.31 0.373183
0.315 0.356242
0.32 0.338757
0.325 0.320755
0.33 0.302264
0.335 0.283311
0.34 0.263925
0.345 0.244137
0.35 0.223975
0.355 0.203472
0.36 0.182659
0.365 0.161566
0.37 0.140227
0.375 0.118673
0.38 0.096939
0.385 0.0750566
0.39 0.0530596
0.395 0.0309816
0.4 0.00885634
0.405 -0.0132824
0.41 -0.0354009
0.415 -0.0574653
0.42 -0.079442
0.425 -0.101297
0.43 -0.122998
0.435 -0.144511
0.44 -0.165803
0.445 -0.186842
0.45 -0.207596
0.455 -0.228032
0.46 -0.248121
0.465 -0.26783
0.47 -0.287131
0.475 -0.305993
0.48 -0.324388
0.485 -0.342287
0.49 -0.359663
0.495 -0.376491
0.5 -0.392743
0.505 -0.408395
0.51 -0.423423
0.515 -0.437804
0.52 -0.451517
0.525 -0.464539
0.53 -0.476851
0.535 -0.488435
0.54 -0.499272
0.545 -0.509345
0.55 -0.51864
0.555 -0.527141
0.56 -0.534836
0.565 -0.541713
0.57 -0.54776
0.575 -0.552968
0.58 -0.55733
0.585 -0.560837
0.59 -0.563485
0.595 -0.565269
0.6 -0.566184
0.605 -0.566231
0.61 -0.565407
0.615 -0.563713
0.62 -0.561152
0.625 -0.557725
0.63 -0.553438
0.635 -0.548296
0.64 -0.542305
0.645 -0.535474
0.65 -0.52781
0.655 -0.519326
0.66 -0.510031
0.665 -0.499937
0.67 -0.489059
0.675 -0.477411
0.68 -0.465007
0.685 -0.451865
0.69 -0.438
0.695 -0.423431
0.7 -0.408177
0.705 -0.392258
0.71 -0.375692
0.715 -0.358502
0.72 -0.340708
0.725 -0.322332
0.73 -0.303397
0.735 -0.283926
0.74 -0.263942
0.745 -0.243468
0.75 -0.222528
0.755 -0.201146
0.76 -0.179346
0.765 -0.157152
0.77 -0.134588
0.775 -0.111678
0.78 -0.0884465
0.785 -0.0649161
0.79 -0.0411108
0.795 -0.0170534
0.8 0.00723322
0.805 0.0317269
0.81 0.056406
0.815 0.0812492
0.82 0.106236
0.825 0.131346
0.83 0.156562
0.835 0.181863
0.84 0.207232
0.845 0.232654
0.85 0.258111
0.855 0.283589
0.86 0.309074
0.865 0.334553
0.87 0.360014
0.875 0.385445
0.88 0.410837
0.885 0.436181
0.89 0.46147
0.895 0.486695
0.9 0.511851
0.905 0.536935
0.91 0.561941
0.915 0.586867
0.92 0.611712
0.925 0.636474
0.93 0.661154
0.935 0.685754
0.94 0.710274
0.945 0.734717
0.95 0.759088
0.955 0.78339
0.96 0.807629
0.965 0.831809
0.97 0.855937
0.975 0.880019
0.98 0.904063
0.985 0.928075
0.99 0.952063
0.995 0.976036
1 1
