0 0
0.005 0.0219987
0.01 0.0439639
0.015 0.0658619
0.02 0.0876593
0.025 0.109323
0.03 0.13082
0.035 0.152117
0.04 0.173182
0.045 0.193982
0.05 0.214486
0.055 0.234663
0.06 0.254482
0.065 0.273912
0.07 0.292924
0.075 0.311489
0.08 0.329578
0.085 0.347164
0.09 0.36422
0.095 0.38072
0.1 0.396639
0.105 0.411952
0.11 0.426637
0.115 0.44067
0.12 0.45403
0.125 0.466698
0.13 0.478652
0.135 0.489877
0.14 0.500353
0.145 0.510065
0.15 0.518999
0.155 0.52714
0.16 0.534477
0.165 0.540997
0.17 0.546692
0.175 0.551552
0.18 0.555571
0.185 0.558741
0.19 0.561058
0.195 0.562518
0.2 0.56312
0.205 0.562862
0.21 0.561745
0.215 0.55977
0.22 0.556941
0.225 0.553261
0.23 0.548737
0.235 0.543375
0.24 0.537184
0.245 0.530172
0.25 0.522351
0.255 0.513733
0.26 0.50433
0.265 0.494158
0.27 0.483231
0.275 0.471566
0.28 0.459182
0.285 0.446096
0.29 0.432329
0.295 0.417903
0.3 0.402838
0.305 0.387159
0.31 0.370888
0.315 0.354052
0.32 0.336674
0.325 0.318783
0.33 0.300405
0.335 0.281569
0.34 0.262302
0.345 0.242635
0.35 0.222598
0.355 0.202221
0.36 0.181535
0.365 0.160573
0.37 0.139365
0.375 0.117944
0.38 0.096343
0.385 0.0745951
0.39 0.0527334
0.395 0.0307912
0.4 0.00880195
0.405 -0.0132007
0.41 -0.0351831
0.415 -0.0571119
0.42 -0.0789534
0.425 -0.100674
0.43 -0.122242
0.435 -0.143622
0.44 -0.164783
0.445 -0.185693
0.45 -0.206319
0.455 -0.22663
0.46 -0.246595
0.465 -0.266183
0.47 -0.285365
0.475 -0.304111
0.48 -0.322392
0.485 -0.340181
0.49 -0.357451
0.495 -0.374174
0.5 -0.390326
0.505 -0.405882
0.51 -0.420817
0.515 -0.43511
0.52 -0.448737
0.525 -0.461679
0.53 -0.473915
0.535 -0.485427
0.54 -0.496197
0.545 -0.506208
0.55 -0.515445
0.555 -0.523893
0.56 -0.531539
0.565 -0.538372
0.57 -0.544381
0.575 -0.549557
0.58 -0.55389
0.585 -0.557374
0.59 -0.560003
0.595 -0.561774
0.6 -0.562682
0.605 -0.562725
0.61 -0.561903
0.615 -0.560217
0.62 -0.557667
0.625 -0.554258
0.63 -0.549993
0.635 -0.544877
0.64 -0.538918
0.645 -0.532122
0.65 -0.5245
0.655 -0.51606
0.66 -0.506815
0.665 -0.496775
0.67 -0.485954
0.675 -0.474367
0.68 -0.462029
0.685 -0.448955
0.69 -0.435162
0.695 -0.420669
0.7 -0.405493
0.705 -0.389654
0.71 -0.373172
0.715 -0.356068
0.72 -0.338362
0.725 -0.320076
0.73 -0.301233
0.735 -0.281855
0.74 -0.261966
0.745 -0.241587
0.75 -0.220743
0.755 -0.199458
0.76 -0.177754
0.765 -0.155657
0.77 -0.13319
0.775 -0.110376
0.78 -0.0872387
0.785 -0.0638023
0.79 -0.0400897
0.795 -0.0161235
0.8 0.00807382
0.805 0.0324802
0.81 0.0570741
0.815 0.0818347
0.82 0.106742
0.825 0.131775
0.83 0.156916
0.835 0.182146
0.84 0.207448
0.845 0.232806
0.85 0.258203
0.855 0.283625
0.86 0.309057
0.865 0.334488
0.87 0.359904
0.875 0.385295
0.88 0.410651
0.885 0.435964
0.89 0.461224
0.895 0.486426
0.9 0.511563
0.905 0.536631
0.91 0.561626
0.915 0.586545
0.92 0.611387
0.925 0.63615
0.93 0.660834
0.935 0.685441
0.94 0.709971
0.945 0.734429
0.95 0.758816
0.955 0.783138
0.96 0.807398
0.965 0.831602
0.97 0.855756
0.975 0.879866
0.98 0.903938
0.985 0.92798
0.99 0.952
0.995 0.976004
1 1
