0 0
0.005 0.0218635
0.01 0.0436935
0.015 0.0654569
0.02 0.0871203
0.025 0.108651
0.03 0.130015
0.035 0.151181
0.04 0.172117
0.045 0.192789
0.05 0.213167
0.055 0.23322
0.06 0.252917
0.065 0.272228
0.07 0.291123
0.075 0.309573
0.08 0.327551
0.085 0.345029
0.09 0.361981
0.095 0.378379
0.1 0.3942
0.105 0.409419
0.11 0.424013
0.115 0.43796
0.12 0.451239
0.125 0.463828
0.13 0.475709
0.135 0.486864
0.14 0.497276
0.145 0.506929
0.15 0.515807
0.155 0.523899
0.16 0.53119
0.165 0.537671
0.17 0.543331
0.175 0.548161
0.18 0.552154
0.185 0.555305
0.19 0.557608
0.195 0.559059
0.2 0.559657
0.205 0.559401
0.21 0.558291
0.215 0.556328
0.22 0.553516
0.225 0.549859
0.23 0.545363
0.235 0.540034
0.24 0.53388
0.245 0.526912
0.25 0.519139
0.255 0.510574
0.26 0.501229
0.265 0.491119
0.27 0.480259
0.275 0.468666
0.28 0.456358
0.285 0.443353
0.29 0.429671
0.295 0.415333
0.3 0.400361
0.305 0.384778
0.31 0.368608
0.315 0.351875
0.32 0.334604
0.325 0.316823
0.33 0.298558
0.335 0.279837
0.34 0.260689
0.345 0.241143
0.35 0.221229
0.355 0.200978
0.36 0.180419
0.365 0.159585
0.37 0.138508
0.375 0.117219
0.38 0.0957506
0.385 0.0741365
0.39 0.0524092
0.395 0.0306019
0.4 0.00874791
0.405 -0.0131194
0.41 -0.0349667
0.415 -0.0567606
0.42 -0.0784677
0.425 -0.100055
0.43 -0.12149
0.435 -0.142739
0.44 -0.16377
0.445 -0.184551
0.45 -0.20505
0.455 -0.225236
0.46 -0.245078
0.465 -0.264546
0.47 -0.283609
0.475 -0.30224
0.48 -0.320409
0.485 -0.338088
0.49 -0.355251
0.495 -0.371872
0.5 -0.387924
0.505 -0.403384
0.51 -0.418227
0.515 -0.432432
0.52 -0.445975
0.525 -0.458837
0.53 -0.470997
0.535 -0.482438
0.54 -0.493141
0.545 -0.503089
0.55 -0.512268
0.555 -0.520664
0.56 -0.528262
0.565 -0.535052
0.57 -0.541023
0.575 -0.546165
0.58 -0.55047
0.585 -0.553931
0.59 -0.556542
0.595 -0.558299
0.6 -0.559199
0.605 -0.55924
0.61 -0.55842
0.615 -0.55674
0.62 -0.554203
0.625 -0.55081
0.63 -0.546567
0.635 -0.541478
0.64 -0.535549
0.645 -0.52879
0.65 -0.521207
0.655 -0.512812
0.66 -0.503615
0.665 -0.493628
0.67 -0.482865
0.675 -0.471339
0.68 -0.459064
0.685 -0.446058
0.69 -0.432337
0.695 -0.417918
0.7 -0.40282
0.705 -0.387061
0.71 -0.370662
0.715 -0.353642
0.72 -0.336024
0.725 -0.317827
0.73 -0.299075
0.735 -0.279789
0.74 -0.259993
0.745 -0.239709
0.75 -0.21896
0.755 -0.19777
0.76 -0.176162
0.765 -0.154161
0.77 -0.131789
0.775 -0.10907
0.78 -0.0860267
0.785 -0.0626833
0.79 -0.0390624
0.795 -0.0151863
0.8 0.00892251
0.805 0.0332424
0.81 0.0577521
0.815 0.0824309
0.82 0.107259
0.825 0.132216
0.83 0.157283
0.835 0.182443
0.84 0.207679
0.845 0.232973
0.85 0.25831
0.855 0.283676
0.86 0.309056
0.865 0.334439
0.87 0.359811
0.875 0.385162
0.88 0.410482
0.885 0.435763
0.89 0.460995
0.895 0.486174
0.9 0.511291
0.905 0.536344
0.91 0.561328
0.915 0.586239
0.92 0.611077
0.925 0.635839
0.93 0.660527
0.935 0.68514
0.94 0.709681
0.945 0.734152
0.95 0.758555
0.955 0.782895
0.96 0.807176
0.965 0.831403
0.97 0.855581
0.975 0.879718
0.98 0.903818
0.985 0.927889
0.99 0.951939
0.995 0.975973
1 1
