0 0
0.005 0.021729
0.01 0.0434249
0.015 0.0650544
0.02 0.0865846
0.025 0.107983
0.03 0.129216
0.035 0.150252
0.04 0.171058
0.045 0.191604
0.05 0.211857
0.055 0.231786
0.06 0.251362
0.065 0.270554
0.07 0.289333
0.075 0.30767
0.08 0.325537
0.085 0.342908
0.09 0.359755
0.095 0.376053
0.1 0.391776
0.105 0.406902
0.11 0.421406
0.115 0.435267
0.12 0.448464
0.125 0.460976
0.13 0.472784
0.135 0.483871
0.14 0.494218
0.145 0.503812
0.15 0.512636
0.155 0.520677
0.16 0.527924
0.165 0.534365
0.17 0.53999
0.175 0.54479
0.18 0.548759
0.185 0.55189
0.19 0.554179
0.195 0.555622
0.2 0.556216
0.205 0.555961
0.21 0.554858
0.215 0.552907
0.22 0.550113
0.225 0.546478
0.23 0.542009
0.235 0.536713
0.24 0.530598
0.245 0.523672
0.25 0.515947
0.255 0.507434
0.26 0.498147
0.265 0.488099
0.27 0.477306
0.275 0.465785
0.28 0.453552
0.285 0.440627
0.29 0.427029
0.295 0.412779
0.3 0.3979
0.305 0.382412
0.31 0.366341
0.315 0.349711
0.32 0.332547
0.325 0.314875
0.33 0.296722
0.335 0.278117
0.34 0.259086
0.345 0.239661
0.35 0.219869
0.355 0.199742
0.36 0.17931
0.365 0.158604
0.37 0.137656
0.375 0.116498
0.38 0.0951619
0.385 0.0736807
0.39 0.052087
0.395 0.0304138
0.4 0.00869421
0.405 -0.0130386
0.41 -0.0347516
0.415 -0.0564114
0.42 -0.0779851
0.425 -0.0994397
0.43 -0.120742
0.435 -0.141861
0.44 -0.162762
0.445 -0.183416
0.45 -0.203789
0.455 -0.22385
0.46 -0.24357
0.465 -0.262918
0.47 -0.281865
0.475 -0.300381
0.48 -0.318438
0.485 -0.336008
0.49 -0.353066
0.495 -0.369584
0.5 -0.385537
0.505 -0.400901
0.51 -0.415653
0.515 -0.42977
0.52 -0.44323
0.525 -0.456012
0.53 -0.468097
0.535 -0.479467
0.54 -0.490103
0.545 -0.49999
0.55 -0.509112
0.555 -0.517454
0.56 -0.525005
0.565 -0.531752
0.57 -0.537685
0.575 -0.542794
0.58 -0.54707
0.585 -0.550508
0.59 -0.553101
0.595 -0.554845
0.6 -0.555737
0.605 -0.555774
0.61 -0.554956
0.615 -0.553284
0.62 -0.550758
0.625 -0.547382
0.63 -0.54316
0.635 -0.538097
0.64 -0.532199
0.645 -0.525475
0.65 -0.517932
0.655 -0.509581
0.66 -0.500432
0.665 -0.490498
0.67 -0.479791
0.675 -0.468325
0.68 -0.456114
0.685 -0.443175
0.69 -0.429525
0.695 -0.415179
0.7 -0.400157
0.705 -0.384478
0.71 -0.368161
0.715 -0.351226
0.72 -0.333693
0.725 -0.315585
0.73 -0.296923
0.735 -0.277728
0.74 -0.258024
0.745 -0.237833
0.75 -0.217179
0.755 -0.196083
0.76 -0.17457
0.765 -0.152663
0.77 -0.130386
0.775 -0.10776
0.78 -0.0848105
0.785 -0.0615592
0.79 -0.0380289
0.795 -0.0142422
0.8 0.00977917
0.805 0.0340135
0.81 0.0584399
0.815 0.0830376
0.82 0.107787
0.825 0.132668
0.83 0.157663
0.835 0.182754
0.84 0.207923
0.845 0.233154
0.85 0.258433
0.855 0.283743
0.86 0.309071
0.865 0.334406
0.87 0.359734
0.875 0.385045
0.88 0.41033
0.885 0.435578
0.89 0.460783
0.895 0.485938
0.9 0.511036
0.905 0.536073
0.91 0.561044
0.915 0.585948
0.92 0.610781
0.925 0.635543
0.93 0.660234
0.935 0.684853
0.94 0.709403
0.945 0.733886
0.95 0.758304
0.955 0.782661
0.96 0.806962
0.965 0.831211
0.97 0.855414
0.975 0.879575
0.98 0.903703
0.985 0.927802
0.99 0.95188
0.995 0.975944
1 1
