0 0
0.005 0.0215954
0.01 0.0431578
0.015 0.0646544
0.02 0.0860522
0.025 0.107319
0.03 0.128421
0.035 0.149328
0.04 0.170007
0.045 0.190426
0.05 0.210554
0.055 0.230361
0.06 0.249816
0.065 0.26889
0.07 0.287554
0.075 0.305778
0.08 0.323536
0.085 0.340799
0.09 0.357543
0.095 0.37374
0.1 0.389367
0.105 0.4044
0.11 0.418815
0.115 0.432591
0.12 0.445706
0.125 0.458141
0.13 0.469877
0.135 0.480895
0.14 0.491179
0.145 0.500714
0.15 0.509484
0.155 0.517476
0.16 0.524678
0.165 0.531079
0.17 0.536669
0.175 0.54144
0.18 0.545385
0.185 0.548497
0.19 0.550771
0.195 0.552205
0.2 0.552796
0.205 0.552543
0.21 0.551446
0.215 0.549507
0.22 0.54673
0.225 0.543118
0.23 0.538677
0.235 0.533413
0.24 0.527335
0.245 0.520452
0.25 0.512775
0.255 0.504314
0.26 0.495084
0.265 0.485098
0.27 0.474371
0.275 0.462921
0.28 0.450763
0.285 0.437918
0.29 0.424403
0.295 0.410241
0.3 0.395453
0.305 0.380061
0.31 0.364089
0.315 0.347561
0.32 0.330502
0.325 0.312939
0.33 0.294898
0.335 0.276406
0.34 0.257493
0.345 0.238187
0.35 0.218517
0.355 0.198514
0.36 0.178207
0.365 0.157629
0.37 0.13681
0.375 0.115782
0.38 0.0945768
0.385 0.0732277
0.39 0.0517668
0.395 0.0302269
0.4 0.00864085
0.405 -0.0129584
0.41 -0.0345377
0.415 -0.0560644
0.42 -0.0775054
0.425 -0.098828
0.43 -0.12
0.435 -0.140988
0.44 -0.161761
0.445 -0.182287
0.45 -0.202535
0.455 -0.222473
0.46 -0.242072
0.465 -0.261301
0.47 -0.280131
0.475 -0.298533
0.48 -0.316478
0.485 -0.333941
0.49 -0.350893
0.495 -0.367309
0.5 -0.383164
0.505 -0.398434
0.51 -0.413095
0.515 -0.427124
0.52 -0.440501
0.525 -0.453204
0.53 -0.465214
0.535 -0.476513
0.54 -0.487084
0.545 -0.496909
0.55 -0.505974
0.555 -0.514264
0.56 -0.521767
0.565 -0.528472
0.57 -0.534366
0.575 -0.539442
0.58 -0.543691
0.585 -0.547106
0.59 -0.549681
0.595 -0.551412
0.6 -0.552295
0.605 -0.552329
0.61 -0.551513
0.615 -0.549847
0.62 -0.547333
0.625 -0.543973
0.63 -0.539772
0.635 -0.534735
0.64 -0.528867
0.645 -0.522178
0.65 -0.514675
0.655 -0.506367
0.66 -0.497266
0.665 -0.487384
0.67 -0.476732
0.675 -0.465325
0.68 -0.453178
0.685 -0.440306
0.69 -0.426725
0.695 -0.412452
0.7 -0.397506
0.705 -0.381905
0.71 -0.365669
0.715 -0.348817
0.72 -0.33137
0.725 -0.313349
0.73 -0.294776
0.735 -0.275672
0.74 -0.256059
0.745 -0.235961
0.75 -0.215399
0.755 -0.194397
0.76 -0.172978
0.765 -0.151165
0.77 -0.12898
0.775 -0.106448
0.78 -0.0835902
0.785 -0.0604299
0.79 -0.0369895
0.795 -0.013291
0.8 0.0106437
0.805 0.0347934
0.81 0.0591372
0.815 0.0836548
0.82 0.108326
0.825 0.133133
0.83 0.158056
0.835 0.183078
0.84 0.208181
0.845 0.23335
0.85 0.25857
0.855 0.283825
0.86 0.309102
0.865 0.334389
0.87 0.359673
0.875 0.384945
0.88 0.410193
0.885 0.43541
0.89 0.460587
0.895 0.485718
0.9 0.510796
0.905 0.535817
0.91 0.560776
0.915 0.585672
0.92 0.6105
0.925 0.635261
0.93 0.659953
0.935 0.684578
0.94 0.709137
0.945 0.733631
0.95 0.758063
0.955 0.782437
0.96 0.806757
0.965 0.831027
0.97 0.855252
0.975 0.879439
0.98 0.903592
0.985 0.927718
0.99 0.951823
0.995 0.975915
1 1
