0 0
0.005 0.0214626
0.01 0.0428925
0.015 0.0642568
0.02 0.0855231
0.025 0.106659
0.03 0.127632
0.035 0.14841
0.04 0.168961
0.045 0.189255
0.05 0.209259
0.055 0.228945
0.06 0.24828
0.065 0.267237
0.07 0.285785
0.075 0.303898
0.08 0.321546
0.085 0.338704
0.09 0.355344
0.095 0.371442
0.1 0.386973
0.105 0.401913
0.11 0.41624
0.115 0.429931
0.12 0.442966
0.125 0.455324
0.13 0.466988
0.135 0.477938
0.14 0.488159
0.145 0.497635
0.15 0.506351
0.155 0.514294
0.16 0.521452
0.165 0.527813
0.17 0.533369
0.175 0.538111
0.18 0.542031
0.185 0.545124
0.19 0.547385
0.195 0.54881
0.2 0.549397
0.205 0.549145
0.21 0.548055
0.215 0.546128
0.22 0.543368
0.225 0.539778
0.23 0.535364
0.235 0.530133
0.24 0.524092
0.245 0.517252
0.25 0.509622
0.255 0.501213
0.26 0.49204
0.265 0.482115
0.27 0.471455
0.275 0.460074
0.28 0.447991
0.285 0.435225
0.29 0.421794
0.295 0.407719
0.3 0.393021
0.305 0.377724
0.31 0.36185
0.315 0.345423
0.32 0.32847
0.325 0.311014
0.33 0.293084
0.335 0.274707
0.34 0.25591
0.345 0.236723
0.35 0.217174
0.355 0.197293
0.36 0.177112
0.365 0.15666
0.37 0.135968
0.375 0.11507
0.38 0.0939953
0.385 0.0727775
0.39 0.0514486
0.395 0.0300411
0.4 0.00858783
0.405 -0.0128785
0.41 -0.0343252
0.415 -0.0557195
0.42 -0.0770286
0.425 -0.0982201
0.43 -0.119262
0.435 -0.140121
0.44 -0.160766
0.445 -0.181166
0.45 -0.201289
0.455 -0.221105
0.46 -0.240583
0.465 -0.259693
0.47 -0.278407
0.475 -0.296696
0.48 -0.314531
0.485 -0.331886
0.49 -0.348734
0.495 -0.365049
0.5 -0.380806
0.505 -0.395982
0.51 -0.410552
0.515 -0.424495
0.52 -0.437788
0.525 -0.450413
0.53 -0.462349
0.535 -0.473578
0.54 -0.484082
0.545 -0.493846
0.55 -0.502854
0.555 -0.511093
0.56 -0.518549
0.565 -0.525211
0.57 -0.531068
0.575 -0.536111
0.58 -0.540331
0.585 -0.543723
0.59 -0.54628
0.595 -0.547998
0.6 -0.548873
0.605 -0.548904
0.61 -0.548089
0.615 -0.54643
0.62 -0.543927
0.625 -0.540583
0.63 -0.536403
0.635 -0.531391
0.64 -0.525554
0.645 -0.518899
0.65 -0.511434
0.655 -0.50317
0.66 -0.494116
0.665 -0.484285
0.67 -0.473688
0.675 -0.462341
0.68 -0.450256
0.685 -0.437449
0.69 -0.423937
0.695 -0.409737
0.7 -0.394866
0.705 -0.379343
0.71 -0.363187
0.715 -0.346417
0.72 -0.329055
0.725 -0.31112
0.73 -0.292635
0.735 -0.27362
0.74 -0.254098
0.745 -0.234091
0.75 -0.213621
0.755 -0.192712
0.76 -0.171385
0.765 -0.149665
0.77 -0.127573
0.775 -0.105132
0.78 -0.0823657
0.785 -0.0592956
0.79 -0.0359441
0.795 -0.012333
0.8 0.011516
0.805 0.0355819
0.81 0.0598439
0.815 0.0842821
0.82 0.108877
0.825 0.133609
0.83 0.158461
0.835 0.183414
0.84 0.208453
0.845 0.23356
0.85 0.258721
0.855 0.283922
0.86 0.309148
0.865 0.334387
0.87 0.359628
0.875 0.38486
0.88 0.410073
0.885 0.435258
0.89 0.460407
0.895 0.485514
0.9 0.510572
0.905 0.535577
0.91 0.560524
0.915 0.58541
0.92 0.610233
0.925 0.634992
0.93 0.659686
0.935 0.684316
0.94 0.708882
0.945 0.733387
0.95 0.757833
0.955 0.782222
0.96 0.80656
0.965 0.83085
0.97 0.855097
0.975 0.879307
0.98 0.903485
0.985 0.927637
0.99 0.951769
0.995 0.975888
1 1
