0 0
0.005 0.0213306
0.01 0.0426287
0.015 0.0638617
0.02 0.0849972
0.025 0.106003
0.03 0.126847
0.035 0.147497
0.04 0.167922
0.045 0.188091
0.05 0.207973
0.055 0.227537
0.06 0.246753
0.065 0.265594
0.07 0.284028
0.075 0.302029
0.08 0.319569
0.085 0.336621
0.09 0.353159
0.095 0.369158
0.1 0.384594
0.105 0.399442
0.11 0.41368
0.115 0.427287
0.12 0.440242
0.125 0.452525
0.13 0.464116
0.135 0.475
0.14 0.485158
0.145 0.494575
0.15 0.503237
0.155 0.511131
0.16 0.518245
0.165 0.524568
0.17 0.53009
0.175 0.534802
0.18 0.538699
0.185 0.541772
0.19 0.544019
0.195 0.545435
0.2 0.546019
0.205 0.545768
0.21 0.544685
0.215 0.54277
0.22 0.540027
0.225 0.536459
0.23 0.532072
0.235 0.526873
0.24 0.52087
0.245 0.514071
0.25 0.506488
0.255 0.498131
0.26 0.489014
0.265 0.479151
0.27 0.468556
0.275 0.457245
0.28 0.445237
0.285 0.432549
0.29 0.4192
0.295 0.405212
0.3 0.390605
0.305 0.375401
0.31 0.359625
0.315 0.343299
0.32 0.32645
0.325 0.309102
0.33 0.291282
0.335 0.273018
0.34 0.254336
0.345 0.235267
0.35 0.215838
0.355 0.19608
0.36 0.176023
0.365 0.155696
0.37 0.135132
0.375 0.114362
0.38 0.0934174
0.385 0.0723301
0.39 0.0511323
0.395 0.0298565
0.4 0.00853514
0.405 -0.0127992
0.41 -0.034114
0.415 -0.0553766
0.42 -0.0765547
0.425 -0.0976158
0.43 -0.118528
0.435 -0.139259
0.44 -0.159777
0.445 -0.180052
0.45 -0.200051
0.455 -0.219745
0.46 -0.239103
0.465 -0.258096
0.47 -0.276694
0.475 -0.29487
0.48 -0.312596
0.485 -0.329844
0.49 -0.346588
0.495 -0.362802
0.5 -0.378462
0.505 -0.393544
0.51 -0.408024
0.515 -0.421881
0.52 -0.435093
0.525 -0.447639
0.53 -0.459501
0.535 -0.47066
0.54 -0.481099
0.545 -0.490802
0.55 -0.499754
0.555 -0.507941
0.56 -0.51535
0.565 -0.521969
0.57 -0.527788
0.575 -0.532799
0.58 -0.536992
0.585 -0.54036
0.59 -0.542899
0.595 -0.544604
0.6 -0.545471
0.605 -0.545498
0.61 -0.544685
0.615 -0.543032
0.62 -0.54054
0.625 -0.537212
0.63 -0.533052
0.635 -0.528066
0.64 -0.522258
0.645 -0.515637
0.65 -0.508211
0.655 -0.499989
0.66 -0.490982
0.665 -0.481202
0.67 -0.47066
0.675 -0.45937
0.68 -0.447347
0.685 -0.434606
0.69 -0.421162
0.695 -0.407033
0.7 -0.392237
0.705 -0.37679
0.71 -0.360714
0.715 -0.344026
0.72 -0.326747
0.725 -0.308898
0.73 -0.290499
0.735 -0.271573
0.74 -0.25214
0.745 -0.232224
0.75 -0.211845
0.755 -0.191027
0.76 -0.169793
0.765 -0.148164
0.77 -0.126163
0.775 -0.103814
0.78 -0.0811373
0.785 -0.0581563
0.79 -0.0348928
0.795 -0.0113683
0.8 0.0123959
0.805 0.0363788
0.81 0.06056
0.815 0.0849196
0.82 0.109438
0.825 0.134097
0.83 0.158878
0.835 0.183764
0.84 0.208738
0.845 0.233784
0.85 0.258887
0.855 0.284033
0.86 0.309209
0.865 0.334401
0.87 0.359599
0.875 0.384791
0.88 0.409968
0.885 0.435121
0.89 0.460243
0.895 0.485325
0.9 0.510363
0.905 0.535351
0.91 0.560285
0.915 0.585163
0.92 0.60998
0.925 0.634737
0.93 0.659432
0.935 0.684066
0.94 0.708639
0.945 0.733154
0.95 0.757612
0.955 0.782017
0.96 0.806371
0.965 0.830681
0.97 0.854949
0.975 0.879181
0.98 0.903382
0.985 0.927559
0.99 0.951716
0.995 0.975861
1 1
